1.5965248000e-03 1.788580 -19.002200 6.695840 -0.083564 1.297530 0.161949
1.5965248000e-03 1.783580 -19.152200 6.718510 -1.202240 0.646928 -0.671379
1.5965248000e-03 1.679950 -18.977400 6.851170 0.212511 1.342850 0.332166
1.5965248000e-03 1.821990 -18.913300 6.738310 0.273289 0.197581 -0.582976
1.5965248000e-03 1.644880 -18.870800 6.786100 0.376779 1.254930 -0.096990
1.5965248000e-03 1.505060 -19.091100 6.810340 -0.380006 1.626280 -0.347359
1.5965248000e-03 1.902110 -19.138900 6.876120 -0.445769 -0.163560 -0.408569
1.5965248000e-03 1.880920 -19.201400 6.733770 -1.291080 0.852421 0.029179
1.5965248000e-03 1.633150 -18.914300 6.864410 -0.081595 1.911400 -0.267732
1.5965248000e-03 1.731960 -18.897200 6.887850 0.503626 0.735737 0.319036
1.5965248000e-03 1.935360 -18.927200 6.759910 0.466135 0.172255 -0.249769
1.5965248000e-03 1.864250 -19.176700 6.775250 -1.190170 -0.175205 -0.327118
1.5965248000e-03 2.022410 -19.019200 6.789990 0.030495 -0.093984 -0.365169
1.5965248000e-03 1.874060 -18.813100 6.724760 0.322762 0.446219 0.341369
1.5965248000e-03 1.522600 -19.178900 6.596320 -1.210100 1.249570 -0.625299
1.5965248000e-03 1.882080 -19.392700 6.918810 -1.123990 0.522777 -0.332286
1.5965248000e-03 1.999990 -19.187200 6.810320 -0.844828 0.247617 0.550845
1.5965248000e-03 1.926330 -19.168500 7.195590 -0.540494 0.466697 -0.159563
1.5965248000e-03 2.029160 -19.023200 6.791420 -0.690502 -0.109860 0.376030
1.5965248000e-03 1.842380 -19.291700 6.918700 -1.488180 0.604926 0.191645
1.5965248000e-03 2.086920 -19.132800 6.749490 -0.861808 -0.099412 -0.720729
1.5965248000e-03 1.686960 -18.686900 6.697140 0.593469 0.905505 -0.615425
1.5965248000e-03 1.683290 -18.666300 6.763250 0.565519 1.256020 -0.383409
1.5965248000e-03 1.901650 -19.487800 6.704060 -1.185870 0.583941 -0.356814
1.5965248000e-03 1.999290 -18.881700 6.766500 0.015362 -0.303407 -0.827090
1.5965248000e-03 1.418210 -18.988900 6.695980 -0.133977 1.922670 0.032615
1.5965248000e-03 1.387740 -19.094000 6.893510 -0.734245 1.929190 -0.343047
1.5965248000e-03 2.041100 -19.213900 6.993220 -0.648847 -0.097026 -0.099982
1.5965248000e-03 1.939230 -18.536500 6.706790 0.231674 0.690495 -0.379955
1.5965248000e-03 1.476840 -18.829700 6.929500 0.511372 1.487610 -0.231067
1.5965248000e-03 1.589010 -19.420000 6.839550 -1.478760 0.979066 -0.377576
1.5965248000e-03 2.160390 -19.184700 6.837980 -0.894768 -0.030837 -0.512215
1.5965248000e-03 1.473780 -19.444300 6.648690 -0.764748 1.592890 -0.480362
1.5965248000e-03 2.219780 -18.921900 6.754410 0.084184 0.083153 -0.338383
1.5965248000e-03 2.006490 -19.397700 6.797910 -1.430890 0.672779 -0.142689
1.5965248000e-03 2.029070 -19.308100 6.709700 -1.220750 0.066505 -0.195693
1.5965248000e-03 1.844020 -18.571000 6.733230 0.448150 0.476413 -0.404443
1.5965248000e-03 2.087840 -18.564100 6.829980 0.209498 0.555031 -0.213446
1.5965248000e-03 1.732680 -18.524200 6.816240 0.402463 1.122040 -0.072968
1.5965248000e-03 1.924130 -19.387100 6.925330 -1.487070 0.781736 -0.758334
1.5965248000e-03 1.237390 -18.808700 6.845130 0.042298 1.560790 -0.181880
1.5965248000e-03 2.186300 -18.766600 6.999360 0.194363 0.377558 -0.627133
1.5965248000e-03 1.359550 -18.855000 6.683580 0.000480 1.780590 0.071746
1.5965248000e-03 1.952210 -19.433500 6.858890 -1.130390 -0.016904 -0.390546
1.5965248000e-03 1.384810 -18.777700 6.712330 0.501009 1.377540 -0.745387
1.5965248000e-03 1.288980 -19.106700 6.864210 -0.780590 1.899980 -0.515954
1.5965248000e-03 1.847400 -19.430900 6.857120 -1.648640 0.698723 -0.247323
1.5965248000e-03 1.788010 -19.523300 6.758330 -1.557200 0.807046 -0.305546
1.5965248000e-03 1.226550 -19.012200 6.911910 -0.415674 1.851030 -0.652516
1.5965248000e-03 1.555310 -19.553800 6.846320 -1.215030 1.399890 -0.731616
1.5965248000e-03 1.092860 -19.074700 6.892580 -0.394823 1.670250 -0.455614
1.5965248000e-03 2.165900 -19.369900 6.816730 -1.091090 0.016564 -0.349927
1.5965248000e-03 2.380470 -18.731500 6.794110 -0.362031 0.131013 -0.655157
1.5965248000e-03 2.163010 -19.171000 6.692990 -1.040200 -0.178884 -0.625783
1.5965248000e-03 2.400540 -18.760900 6.751710 -0.243529 0.101619 -0.420252
1.5965248000e-03 1.786210 -18.616900 6.734830 0.784570 0.532230 -0.106852
1.5965248000e-03 1.247180 -18.661400 6.808370 -0.042525 1.681500 -0.150215
1.5965248000e-03 1.147510 -18.818200 7.008630 -0.516700 1.618140 -0.616549
1.5965248000e-03 2.245610 -19.076300 6.861640 -0.312921 -0.288237 -0.470371
1.5965248000e-03 2.222620 -19.218400 6.893290 -0.845670 -0.077412 -0.843415
1.5965248000e-03 2.135360 -18.914600 6.770010 -0.402471 -0.482329 -0.551393
1.5965248000e-03 1.099620 -19.360400 6.710340 -0.752729 1.564070 -0.285511
1.5965248000e-03 1.238920 -19.331900 6.868720 -1.246150 1.315680 -0.788571
1.5965248000e-03 1.990590 -19.395500 6.786140 -1.487570 0.163632 -0.016104
1.5965248000e-03 1.234590 -19.038300 6.771900 -0.124891 1.926920 -0.738771
1.5965248000e-03 1.999920 -18.462700 6.837740 0.477390 0.529031 -0.165485
1.5965248000e-03 2.254490 -19.500700 6.911780 -0.994279 0.200625 -0.305110
1.5965248000e-03 1.687290 -19.574200 6.896720 -1.510800 0.567688 -0.465463
1.5965248000e-03 2.182950 -18.727400 6.722260 0.273675 -0.040404 -0.293936
1.5965248000e-03 2.306250 -18.825000 6.890590 -0.652628 -0.137227 -0.570410
1.5965248000e-03 1.863510 -18.426500 6.783430 0.572258 0.667372 -0.510736
1.5965248000e-03 1.421800 -19.783100 6.762510 -1.095190 1.173760 -0.425875
1.5965248000e-03 2.195600 -18.465000 6.787100 0.248830 0.326431 -0.206060
1.5965248000e-03 2.413070 -18.966100 6.784350 -0.185099 -0.088137 -0.358803
1.5965248000e-03 2.043680 -18.454900 6.671280 -0.067846 0.000770 -0.144913
1.5965248000e-03 1.019650 -18.946500 6.815970 -0.346498 1.736580 -0.296705
1.5965248000e-03 1.582780 -18.575400 6.751020 0.611607 1.527270 -0.085659
1.5965248000e-03 2.562380 -19.362200 6.823770 -0.650950 0.198421 -0.236315
1.5965248000e-03 1.208600 -19.781500 6.842640 -0.967678 1.045220 -0.690646
1.5965248000e-03 0.956858 -18.997600 6.761790 -0.174030 1.663110 -0.429094
1.5965248000e-03 2.362620 -18.503800 6.838890 0.302967 0.513376 -0.364012
1.5965248000e-03 1.636140 -18.313000 6.720280 0.400990 1.240520 -0.426140
1.5965248000e-03 2.344070 -18.956000 6.794600 -0.614862 -0.216617 -0.660537
1.5965248000e-03 2.235130 -19.391000 6.619750 -0.938319 -0.028098 -0.141577
1.5965248000e-03 1.043820 -18.658500 6.779310 0.066370 1.499000 -0.621331
1.5965248000e-03 1.090530 -18.513000 6.793620 0.179969 1.360780 -0.298770
1.5965248000e-03 2.262450 -18.337400 6.817580 0.221923 0.494108 -0.239060
1.5965248000e-03 1.310090 -19.048200 6.843600 -0.481481 2.248750 -0.570315
1.5965248000e-03 1.298210 -19.675600 6.644600 -1.118600 1.356000 -0.472190
1.5965248000e-03 1.341090 -18.845800 6.785440 0.393075 1.886550 0.097722
1.5965248000e-03 1.864520 -19.357700 6.771830 -1.759940 -0.025001 -0.481720
1.5965248000e-03 1.165010 -18.973700 6.761700 -0.226832 2.015590 -0.239714
1.5965248000e-03 0.893649 -18.748400 6.600770 -0.035219 1.414010 -0.397760
1.5965248000e-03 1.301960 -18.195100 6.643780 0.101409 1.193300 -0.485064
1.5965248000e-03 1.671030 -19.817900 6.816380 -1.239140 1.203640 -0.079071
1.5965248000e-03 1.507870 -19.481400 6.885770 -1.630860 1.347630 -0.523695
1.5965248000e-03 0.860183 -18.816900 6.870570 -0.149500 1.544850 -0.247712
1.5965248000e-03 1.247880 -18.754700 6.774470 0.356737 1.777450 -0.192355
1.5965248000e-03 1.127530 -18.710400 6.862340 -0.155656 1.844370 -0.631871
1.5965248000e-03 1.338620 -18.587500 6.774440 0.522794 1.495630 -0.700742
1.5965248000e-03 2.549900 -18.994000 6.846960 -0.101795 -0.001124 -0.522161
1.5965248000e-03 2.157310 -18.278200 6.995640 0.369847 0.873158 -0.461881
1.5965248000e-03 2.492110 -19.431500 6.839880 -0.835704 0.040697 -0.388659
1.5965248000e-03 0.808044 -18.591300 6.910740 -0.055784 1.344850 -0.591342
1.5965248000e-03 1.043340 -19.480000 6.799540 -0.897226 1.669140 -0.309377
1.5965248000e-03 2.479590 -19.659200 6.810480 -0.840749 0.238326 -0.128885
1.5965248000e-03 1.867650 -19.752200 6.655030 -1.217830 0.324354 -0.773916
1.5965248000e-03 1.299680 -18.319600 6.941390 0.395224 0.914368 -0.686194
1.5965248000e-03 0.896911 -19.117600 6.843560 -0.247246 1.750230 -0.445005
1.5965248000e-03 2.447820 -18.512900 6.866040 -0.007603 0.128654 -0.637940
1.5965248000e-03 2.016480 -18.379800 6.803850 0.602201 0.524337 -0.246678
1.5965248000e-03 1.417880 -19.866500 6.811120 -1.284190 1.070210 -0.376463
1.5965248000e-03 1.608950 -18.069300 6.806450 0.306695 0.883630 -0.654666
1.5965248000e-03 1.872300 -19.905900 6.886930 -1.286290 1.042130 -0.132609
1.5965248000e-03 1.019570 -19.293000 6.770130 -0.509146 1.900780 -0.488159
1.5965248000e-03 2.336860 -18.341000 6.811790 -0.111915 0.045985 -0.553009
1.5965248000e-03 2.295700 -18.563300 6.786260 -0.045123 -0.187647 -0.289047
1.5965248000e-03 1.799460 -19.871800 6.802050 -1.400500 0.592741 -0.224796
1.5965248000e-03 0.831807 -18.871700 6.967190 -0.387737 1.660260 -0.696550
1.5965248000e-03 0.858301 -18.756900 6.772430 0.075274 1.612410 -0.274876
1.5965248000e-03 0.951632 -19.431000 6.807880 -1.027990 1.609970 -0.240949
1.5965248000e-03 1.952080 -18.136400 6.746680 0.498674 0.769542 -0.475792
1.5965248000e-03 1.404520 -19.960900 6.771870 -1.222500 1.252920 -0.394901
1.5965248000e-03 1.068490 -18.618300 6.665370 -0.331141 1.903920 -0.347528
1.5965248000e-03 2.421770 -18.580000 6.798790 0.375106 0.200932 -0.633331
1.5965248000e-03 2.024970 -19.686400 6.700370 -1.236680 0.003759 -0.435785
1.5965248000e-03 1.222400 -19.892600 6.739140 -0.856467 1.608420 -0.265395
1.5965248000e-03 2.758500 -18.498200 6.793260 -0.067975 0.217884 -0.337055
1.5965248000e-03 1.176920 -19.713300 6.863210 -1.238620 1.449570 -0.299867
1.5965248000e-03 2.623620 -19.506800 6.853900 -0.442020 -0.022380 -0.545946
1.5965248000e-03 2.596830 -18.935400 6.843340 0.015729 -0.067779 -0.218161
1.5965248000e-03 1.725170 -20.132700 6.984930 -1.178340 0.905886 -0.358923
1.5965248000e-03 1.809830 -20.223500 6.751150 -1.091130 1.097930 -0.340431
1.5965248000e-03 2.752710 -18.779900 6.870970 -0.133564 0.055017 -0.324369
1.5965248000e-03 2.546130 -18.764600 6.919690 -0.266081 -0.173533 -0.340140
1.5965248000e-03 2.326280 -18.383400 6.696370 0.200799 0.051501 -0.392865
1.5965248000e-03 2.035510 -19.832900 6.768200 -1.491440 0.788338 -0.199669
1.5965248000e-03 2.478740 -20.019400 6.836490 -1.108750 0.769040 -0.521182
1.5965248000e-03 2.351410 -18.272700 6.803080 0.296293 0.241906 -0.384115
1.5965248000e-03 0.941564 -18.382400 6.739710 0.334280 1.303260 -0.387996
1.5965248000e-03 2.625560 -19.273600 6.712570 -0.521348 -0.117219 -0.610267
1.5965248000e-03 0.434978 -18.895100 6.772610 -0.609078 1.416840 -0.258724
1.5965248000e-03 1.127890 -19.884200 6.585160 -0.874515 1.548180 -0.341354
1.5965248000e-03 0.629428 -19.542400 6.722390 -0.663235 1.527420 -0.300867
1.5965248000e-03 0.509887 -19.154300 6.814440 -0.496292 1.561240 -0.496505
1.5965248000e-03 0.987812 -18.227800 6.698920 -0.066944 1.606410 -0.437662
1.5965248000e-03 2.053100 -18.430300 6.847580 0.659822 0.192472 -0.431650
1.5965248000e-03 2.509420 -18.178600 6.844900 0.267803 0.439390 -0.370131
1.5965248000e-03 2.588130 -19.521300 6.766970 -1.142990 0.216664 -0.625026
1.5965248000e-03 0.702059 -19.003500 6.789130 -0.152394 1.745810 -0.418355
1.5965248000e-03 0.726837 -19.257100 6.650960 -0.601962 1.748430 -0.522767
1.5965248000e-03 0.795993 -18.722900 6.713790 -0.038789 1.749320 -0.472697
1.5965248000e-03 0.722091 -18.805100 6.716990 -0.457540 1.787770 -0.245287
1.5965248000e-03 1.494750 -18.077100 6.830980 0.476481 1.203980 -0.626411
1.5965248000e-03 2.501500 -18.191600 6.829670 0.029170 0.113071 -0.348496
1.5965248000e-03 2.737120 -19.696400 6.826410 -1.045850 0.327648 -0.223161
1.5965248000e-03 1.380860 -18.025400 6.748910 0.444654 1.158410 -0.520790
1.5965248000e-03 1.625080 -20.044400 6.747420 -1.406250 0.721667 -0.233374
1.5965248000e-03 2.696700 -18.564400 6.868580 0.253626 0.187305 -0.417125
1.5965248000e-03 0.573193 -19.138600 6.853290 -0.552577 1.701400 -0.265421
1.5965248000e-03 1.269950 -18.130600 6.780720 0.509919 1.203900 -0.358764
1.5965248000e-03 2.824090 -18.599500 6.905320 -0.513681 -0.002644 -0.331726
1.5965248000e-03 0.778118 -18.991400 6.839800 -0.513359 1.898460 -0.221244
1.5965248000e-03 1.201620 -19.989700 6.573530 -1.175030 1.142130 -0.785326
1.5965248000e-03 0.378483 -18.689500 6.971270 -0.330372 1.469010 -0.498829
1.5965248000e-03 2.335180 -18.188500 6.889830 0.395327 0.297194 -0.372633
1.5965248000e-03 1.579890 -17.690500 6.870150 0.293500 0.945594 -0.485001
1.5965248000e-03 2.699450 -19.718400 6.752820 -0.770061 0.017110 -0.443684
1.5965248000e-03 2.568950 -18.560900 6.709600 0.186008 -0.047991 -0.263889
1.5965248000e-03 1.992100 -20.316100 6.718570 -1.234870 0.881637 -0.473482
1.5965248000e-03 2.736370 -19.283300 6.836920 -0.696570 -0.164646 -0.415323
1.5965248000e-03 2.058110 -20.197600 6.593150 -1.226900 0.529378 -0.422693
1.5965248000e-03 0.505265 -19.390500 6.942970 -0.613649 1.643560 -0.457783
1.5965248000e-03 1.849720 -19.961300 6.760670 -1.573560 0.765296 -0.375931
1.5965248000e-03 0.415834 -18.924700 6.759880 -0.476524 1.652980 -0.558135
1.5965248000e-03 2.566920 -19.711400 6.792230 -0.982141 -0.031735 -0.350294
1.5965248000e-03 0.782090 -19.138700 6.834580 -0.539729 1.955950 -0.596449
1.5965248000e-03 2.917890 -19.667600 6.810240 -0.756376 0.133296 -0.097171
1.5965248000e-03 0.670902 -19.496100 6.784790 -0.599730 1.817280 -0.366511
1.5965248000e-03 2.265330 -20.511800 6.936290 -1.057400 0.834573 -0.430873
1.5965248000e-03 0.974648 -18.128900 6.855580 0.382428 1.377420 -0.424228
1.5965248000e-03 2.841660 -17.993300 6.998630 0.157992 0.533730 -0.298349
1.5965248000e-03 1.588450 -17.711600 6.690290 0.367343 1.130740 -0.254148
1.5965248000e-03 2.510840 -20.104900 6.757430 -1.112270 0.293650 -0.320033
1.5965248000e-03 0.434982 -19.127700 6.736640 -0.382906 1.739410 -0.284949
1.5965248000e-03 1.776590 -18.105300 6.741250 0.738034 0.946674 -0.587428
1.5965248000e-03 1.798610 -20.424900 6.789110 -1.271270 0.884748 -0.410693
1.5965248000e-03 1.370670 -17.823100 6.788100 0.483004 1.027280 -0.314936
1.5965248000e-03 0.785740 -18.052000 6.925940 -0.111512 1.605920 -0.540766
1.5965248000e-03 2.824670 -18.221500 6.852730 0.190332 0.255469 -0.461243
1.5965248000e-03 0.165065 -19.134700 6.850030 -0.705101 1.409080 -0.689070
1.5965248000e-03 2.335330 -18.186500 6.880360 0.461920 0.193386 -0.307584
1.5965248000e-03 2.964380 -19.610800 6.847940 -0.446202 -0.013541 -0.539358
1.5965248000e-03 1.730430 -20.191700 6.825140 -1.405160 0.569205 -0.171450
1.5965248000e-03 2.795530 -19.678700 6.796820 -0.882909 -0.012930 -0.401318
1.5965248000e-03 2.533390 -19.698100 6.710170 -0.900811 -0.170724 -0.379654
1.5965248000e-03 2.473490 -18.056500 6.753440 0.115716 0.023939 -0.346840
1.5965248000e-03 2.851720 -18.456900 6.748900 0.086287 0.025177 -0.385940
1.5965248000e-03 0.984952 -20.118000 6.834260 -1.283870 1.214040 -0.286868
1.5965248000e-03 3.068880 -18.423500 6.822130 -0.142984 0.077072 -0.375254
1.5965248000e-03 0.501969 -18.478200 6.790810 0.105152 1.560460 -0.195379
1.5965248000e-03 2.488180 -17.944600 6.817340 0.124600 0.117515 -0.220132
1.5965248000e-03 2.740550 -19.826200 6.825360 -1.147850 0.236723 -0.633777
1.5965248000e-03 1.933920 -17.680900 6.841670 0.468625 0.722195 -0.288493
1.5965248000e-03 2.631840 -18.161600 6.854570 0.153499 0.037199 -0.386910
1.5965248000e-03 2.738650 -20.002900 6.740940 -1.263340 0.495682 -0.258976
1.5965248000e-03 2.906380 -20.100700 6.678060 -0.898354 0.250623 -0.340805
1.5965248000e-03 0.974423 -18.325300 6.969720 0.394824 1.628410 -0.364880
1.5965248000e-03 2.690400 -20.173700 6.791730 -1.186690 0.442020 -0.226685
1.5965248000e-03 2.234280 -20.081700 6.985150 -1.372840 0.336145 -0.371874
1.5965248000e-03 2.091340 -20.330900 6.867390 -1.275620 0.378613 -0.268266
1.5965248000e-03 3.110900 -19.343300 6.754730 -0.648535 -0.041705 -0.214983
1.5965248000e-03 3.050470 -18.204100 6.706080 0.114139 0.233161 -0.307665
1.5965248000e-03 1.987080 -20.380500 6.828820 -1.395750 0.907884 -0.288935
1.5965248000e-03 2.356420 -20.314000 6.881270 -1.255770 0.431045 -0.395829
1.5965248000e-03 1.402870 -17.608600 6.818640 0.440334 1.110420 -0.317461
1.5965248000e-03 1.161380 -17.671200 6.786310 0.311517 1.360080 -0.464020
1.5965248000e-03 2.649230 -20.125000 6.770770 -1.267500 0.418756 -0.244507
1.5965248000e-03 2.876850 -18.347800 6.769650 0.299254 0.161112 -0.506315
1.5965248000e-03 3.174480 -19.536400 6.851970 -0.399365 0.029154 -0.054141
1.5965248000e-03 0.381913 -18.962300 6.800370 0.040176 1.733040 -0.406296
1.5965248000e-03 1.583970 -20.386500 6.746080 -1.429910 0.878544 -0.387229
1.5965248000e-03 3.177480 -18.323100 6.798440 0.122261 0.226715 -0.302566
1.5965248000e-03 2.285440 -20.303800 6.646140 -1.220820 0.283433 -0.334231
1.5965248000e-03 3.222960 -18.263800 6.835110 0.120188 0.281441 -0.458016
1.5965248000e-03 2.359190 -17.949100 6.784770 0.529352 0.355576 -0.447111
1.5965248000e-03 1.240730 -20.572600 6.824030 -1.268670 0.962783 -0.410663
1.5965248000e-03 2.826810 -19.732500 6.869420 -0.705727 -0.163563 -0.477894
1.5965248000e-03 2.853980 -17.879300 6.905960 0.114315 0.212176 -0.425452
1.5965248000e-03 2.750450 -19.834500 6.962230 -1.057430 0.044252 -0.582589
1.5965248000e-03 2.342660 -18.032400 6.868370 0.575262 0.309603 -0.376210
1.5965248000e-03 2.079770 -20.642400 6.743050 -1.251700 1.002330 -0.465290
1.5965248000e-03 0.091112 -19.774900 6.883340 -0.899136 1.379260 -0.500543
1.5965248000e-03 0.227410 -18.589000 6.782410 -0.091491 1.655210 -0.226356
1.5965248000e-03 1.065930 -18.290900 6.844310 0.256159 1.917390 -0.441998
1.5965248000e-03 1.675340 -17.268800 6.714850 0.321836 0.851669 -0.391887
1.5965248000e-03 0.935873 -19.604000 6.810640 -1.063470 1.981290 -0.365740
1.5965248000e-03 2.773860 -19.996900 6.848390 -1.155600 0.159592 -0.287881
1.5965248000e-03 2.624460 -20.133000 6.799780 -1.275450 0.300286 -0.453383
1.5965248000e-03 3.557710 -19.190300 6.817110 -0.400499 0.139401 -0.203852
1.5965248000e-03 0.253974 -18.641700 7.021320 -0.524787 1.683430 -0.073761
1.5965248000e-03 0.323058 -18.818700 6.921260 0.063483 1.695530 -0.468021
1.5965248000e-03 2.325790 -20.002400 6.867940 -1.378510 0.108948 -0.348587
1.5965248000e-03 3.175040 -19.812600 6.802690 -0.767766 0.028888 -0.343754
1.5965248000e-03 2.133640 -20.281200 6.774650 -1.457330 0.459187 -0.368941
1.5965248000e-03 3.381440 -19.259700 6.738620 -0.474742 -0.018301 -0.383282
1.5965248000e-03 0.171422 -18.438400 6.756260 -0.026888 1.594360 -0.577845
1.5965248000e-03 0.697505 -20.572800 6.799420 -1.175950 1.014130 -0.435321
1.5965248000e-03 1.451700 -20.588300 6.937730 -1.265240 1.216730 -0.569787
1.5965248000e-03 0.108909 -18.985200 6.851260 -0.105041 1.679990 -0.572222
1.5965248000e-03 0.894124 -20.216800 6.850460 -1.040780 1.674910 -0.440560
1.5965248000e-03 1.587590 -20.821900 6.791810 -1.200100 1.161980 -0.353164
1.5965248000e-03 3.181770 -20.647400 6.792340 -0.901334 0.529983 -0.336915
1.5965248000e-03 0.377442 -19.505200 6.763210 -0.379625 1.905260 -0.298098
1.5965248000e-03 0.121551 -19.187500 6.715180 -0.716817 1.747510 -0.350875
1.5965248000e-03 3.461020 -19.321000 6.812000 -0.772755 0.043094 -0.360226
1.5965248000e-03 3.007750 -20.347800 6.752370 -1.084660 0.344615 -0.432817
1.5965248000e-03 1.707870 -20.654200 6.775430 -1.370770 0.651544 -0.378715
1.5965248000e-03 1.155460 -20.442000 6.699680 -1.416680 1.025660 -0.523257
1.5965248000e-03 0.339740 -18.237700 6.868910 0.137764 1.632210 -0.278616
1.5965248000e-03 2.037990 -20.669200 6.683300 -1.294770 0.484694 -0.370003
1.5965248000e-03 1.201890 -20.725100 6.744460 -1.274830 1.000190 -0.168993
1.5965248000e-03 2.539120 -20.684600 6.895460 -1.184680 0.470228 -0.402410
1.5965248000e-03 0.821973 -17.446200 6.716030 0.285307 1.301640 -0.421880
1.5965248000e-03 0.186123 -19.275300 6.898690 -0.555505 1.846790 -0.381277
1.5965248000e-03 2.544690 -17.692900 6.754470 0.507964 0.479128 -0.271784
1.5965248000e-03 1.243090 -17.440500 6.822670 0.519927 0.983481 -0.415598
1.5965248000e-03 1.764500 -17.077600 6.662370 0.330580 0.685011 -0.421462
1.5965248000e-03 1.306500 -20.588100 6.757640 -1.187760 1.501710 -0.495994
1.5965248000e-03 0.309483 -20.271500 6.787570 -1.037970 1.431690 -0.414464
1.5965248000e-03 0.766657 -17.480200 6.851290 0.299660 1.328460 -0.315827
1.5965248000e-03 2.446300 -17.470700 6.710780 0.434178 0.480209 -0.318247
1.5965248000e-03 3.280910 -19.550600 6.759040 -0.616960 -0.129624 -0.286397
1.5965248000e-03 2.401620 -20.665800 6.886240 -1.282750 0.497509 -0.420183
1.5965248000e-03 0.101217 -19.129800 6.771480 -0.393362 1.849490 -0.473405
1.5965248000e-03 2.252160 -17.247100 6.682910 0.350395 0.481240 -0.453517
1.5965248000e-03 3.278970 -20.213500 6.816850 -1.003280 0.258599 -0.224326
1.5965248000e-03 2.099200 -17.279800 6.737730 0.466685 0.658077 -0.442340
1.5965248000e-03 0.704886 -20.426800 6.900580 -1.110600 1.520220 -0.430822
1.5965248000e-03 0.087974 -19.103000 6.831090 -0.464826 1.860630 -0.430131
1.5965248000e-03 3.147710 -18.991700 6.799660 -0.441103 -0.304153 -0.430677
1.5965248000e-03 0.214777 -18.199000 6.768810 -0.038158 1.738040 -0.469694
1.5965248000e-03 3.547240 -18.485800 6.856090 -0.162789 0.007792 -0.348642
1.5965248000e-03 2.940210 -20.268900 6.797640 -1.072970 0.107683 -0.480097
1.5965248000e-03 3.756290 -19.177700 6.810090 -0.461516 0.023418 -0.363879
1.5965248000e-03 0.288906 -18.439600 6.776880 -0.058162 1.868570 -0.388600
1.5965248000e-03 -0.053396 -18.343700 6.843670 -0.082009 1.660240 -0.483717
1.5965248000e-03 3.385560 -18.026700 6.921780 -0.317008 -0.010523 -0.339035
1.5965248000e-03 0.074973 -19.277500 6.711630 -0.772314 1.810380 -0.361493
1.5965248000e-03 2.713230 -20.696200 6.715470 -1.147100 0.333191 -0.423201
1.5965248000e-03 2.150560 -17.430000 6.748570 0.595364 0.786547 -0.489785
1.5965248000e-03 2.546270 -17.231600 6.712150 0.392087 0.623410 -0.418797
1.5965248000e-03 3.304020 -18.286100 6.952540 -0.018627 -0.035762 -0.374441
1.5965248000e-03 1.697740 -20.944800 6.876580 -1.333110 0.801697 -0.412772
1.5965248000e-03 0.829639 -20.722100 6.830070 -1.206730 1.328990 -0.317256
1.5965248000e-03 2.251650 -20.673200 6.894110 -1.386040 0.538278 -0.511587
1.5965248000e-03 -0.078518 -20.123500 6.776260 -0.776642 1.572430 -0.438994
1.5965248000e-03 0.397678 -17.818100 6.774380 0.175439 1.610570 -0.357584
1.5965248000e-03 -0.248402 -19.112400 6.695970 -0.627064 1.692470 -0.484209
1.5965248000e-03 1.670550 -16.952800 6.805270 0.381233 0.681645 -0.364726
1.5965248000e-03 1.480810 -20.931300 6.835020 -1.337050 0.941507 -0.556772
1.5965248000e-03 1.756100 -20.984800 6.889960 -1.327010 0.731724 -0.305706
1.5965248000e-03 3.286900 -20.166100 6.806010 -0.877644 0.037094 -0.292736
1.5965248000e-03 3.295920 -17.691400 6.740890 -0.001132 0.100832 -0.398552
1.5965248000e-03 3.460190 -19.635600 6.890920 -0.696975 -0.103270 -0.408321
1.5965248000e-03 2.368610 -21.030000 6.855960 -1.275750 0.666353 -0.470316
1.5965248000e-03 3.622150 -18.289100 6.717030 0.106716 0.145283 -0.211151
1.5965248000e-03 0.262267 -17.628000 6.850620 0.262828 1.428330 -0.413129
1.5965248000e-03 0.560591 -20.323100 6.765090 -1.330770 1.411530 -0.454941
1.5965248000e-03 1.274210 -20.899000 6.897980 -1.355710 1.137350 -0.374487
1.5965248000e-03 3.367780 -17.994400 6.807730 0.171190 0.100202 -0.466150
1.5965248000e-03 2.218700 -21.347700 6.881600 -1.157110 0.763540 -0.242847
1.5965248000e-03 0.052254 -18.342100 6.797380 0.049250 1.762180 -0.382409
1.5965248000e-03 3.122880 -20.833800 6.914270 -0.925934 0.227971 -0.396266
1.5965248000e-03 3.482350 -18.057000 6.626440 0.068774 0.078996 -0.497308
1.5965248000e-03 1.421080 -17.088100 6.739310 0.518106 0.939357 -0.465243
1.5965248000e-03 3.677700 -19.675600 6.794700 -0.454898 -0.059735 -0.220633
1.5965248000e-03 2.063810 -17.002900 6.801970 0.457158 0.587945 -0.353509
1.5965248000e-03 0.247744 -18.996400 6.657330 -0.258689 2.034430 -0.247239
1.5965248000e-03 2.429140 -17.149200 6.887180 0.474463 0.550360 -0.335942
1.5965248000e-03 3.637060 -19.279300 6.887960 -0.382287 -0.150071 -0.341986
1.5965248000e-03 0.566746 -18.870100 6.805890 -0.598722 2.198020 -0.083133
1.5965248000e-03 -0.417621 -19.448500 6.871090 -0.594512 1.705010 -0.468871
1.5965248000e-03 0.726176 -17.322600 6.807060 0.493656 1.170660 -0.319393
1.5965248000e-03 0.937069 -17.119900 6.604350 0.336936 1.328010 -0.558925
1.5965248000e-03 3.036900 -17.091700 6.941670 0.221931 0.398288 -0.330351
1.5965248000e-03 1.209170 -21.185800 6.822920 -1.287030 0.961628 -0.211496
1.5965248000e-03 0.620122 -20.713300 6.698070 -1.330670 1.231540 -0.317043
1.5965248000e-03 1.772650 -17.165400 6.710970 0.600132 1.041490 -0.345305
1.5965248000e-03 3.470760 -19.912500 6.756290 -0.934607 -0.038719 -0.391362
1.5965248000e-03 -0.093567 -17.933600 6.813670 0.302306 1.412090 -0.278651
1.5965248000e-03 1.728880 -21.072800 6.798130 -1.405180 0.750879 -0.407733
1.5965248000e-03 0.522511 -20.718200 6.846040 -1.127430 1.503090 -0.251165
1.5965248000e-03 3.992670 -18.427800 6.743150 -0.163348 0.059145 -0.463905
1.5965248000e-03 3.496810 -18.085200 6.723250 0.012921 -0.049660 -0.395189
1.5965248000e-03 0.644810 -20.740200 6.826740 -1.360490 1.212560 -0.326983
1.5965248000e-03 2.806870 -16.906600 6.884870 0.312055 0.494940 -0.364772
1.5965248000e-03 1.032450 -21.475700 6.822040 -1.133510 1.123190 -0.340688
1.5965248000e-03 0.537281 -20.507400 6.804310 -1.274130 1.503500 -0.336825
1.5965248000e-03 -0.220059 -19.003800 6.785820 -0.102336 1.832950 -0.473278
1.5965248000e-03 3.560350 -19.073000 6.776000 -0.374760 -0.234793 -0.189305
1.5965248000e-03 4.059870 -18.575800 6.741970 -0.324627 0.010634 -0.407235
1.5965248000e-03 3.622570 -19.702200 6.705820 -0.877915 -0.073381 -0.439799
1.5965248000e-03 3.233010 -21.015100 6.722620 -1.086110 0.380178 -0.376464
1.5965248000e-03 0.271029 -17.406500 6.850870 0.216974 1.553950 -0.388822
1.5965248000e-03 3.664750 -18.706800 6.869600 -0.137366 -0.160112 -0.526893
1.5965248000e-03 0.103161 -17.439700 6.761360 0.150946 1.557070 -0.322867
1.5965248000e-03 1.354540 -21.434900 6.786170 -1.272560 0.960437 -0.427574
1.5965248000e-03 2.173780 -20.785700 6.818540 -1.539640 0.781986 -0.116666
1.5965248000e-03 4.007650 -18.914800 6.892220 -0.248348 -0.052313 -0.328578
1.5965248000e-03 2.745620 -20.690400 6.848080 -1.439460 0.450687 -0.344384
1.5965248000e-03 2.430190 -21.028400 6.714200 -1.344610 0.428798 -0.461242
1.5965248000e-03 0.661220 -17.021200 6.613690 0.451527 1.096420 -0.255050
1.5965248000e-03 1.350930 -21.356800 6.623180 -1.336230 0.909894 -0.384875
1.5965248000e-03 2.248950 -21.134100 6.808270 -1.435530 0.663299 -0.351397
1.5965248000e-03 0.413999 -16.908400 6.722600 0.329679 1.283350 -0.321242
1.5965248000e-03 0.485592 -20.760100 6.774110 -1.337180 1.355110 -0.534929
1.5965248000e-03 0.611368 -17.059700 6.656500 0.534116 0.996438 -0.462296
1.5965248000e-03 3.975820 -19.572700 6.734790 -0.567035 -0.113862 -0.409944
1.5965248000e-03 3.740250 -20.292000 6.854020 -1.011160 0.095426 -0.394441
1.5965248000e-03 2.897280 -16.979300 6.691810 0.433230 0.464725 -0.486473
1.5965248000e-03 2.573970 -21.302300 6.764990 -1.314060 0.538501 -0.375634
1.5965248000e-03 -0.249060 -17.892800 6.742280 -0.103307 1.784130 -0.300648
1.5965248000e-03 3.332270 -20.224600 6.727830 -1.141210 -0.016581 -0.393093
1.5965248000e-03 0.992314 -21.101500 6.759820 -1.417300 1.179930 -0.394225
1.5965248000e-03 -0.235470 -17.951500 6.838450 0.114599 1.720340 -0.389323
1.5965248000e-03 2.612440 -16.672700 6.877810 0.409752 0.523361 -0.282426
1.5965248000e-03 2.517310 -16.691900 6.864190 0.460847 0.558439 -0.396229
1.5965248000e-03 -1.150930 -18.769200 6.855210 -0.489701 1.612170 -0.287290
1.5965248000e-03 0.239653 -20.688400 6.708160 -1.213420 1.561080 -0.331335
1.5965248000e-03 4.037500 -19.202400 6.667720 -0.405994 -0.164793 -0.477231
1.5965248000e-03 3.904970 -17.328300 6.844160 -0.012971 0.119581 -0.423054
1.5965248000e-03 0.993495 -21.028700 6.834360 -1.493870 1.143100 -0.509920
1.5965248000e-03 2.865140 -21.343600 6.771500 -1.293640 0.507958 -0.449195
1.5965248000e-03 2.142160 -21.451200 6.698350 -1.382370 0.653352 -0.272082
1.5965248000e-03 3.692960 -20.751200 6.839060 -1.184930 0.319463 -0.380586
1.5965248000e-03 -0.711144 -19.112900 6.709760 -0.489207 1.838040 -0.375055
1.5965248000e-03 3.359830 -17.093900 6.836110 0.308890 0.251512 -0.293099
1.5965248000e-03 2.790580 -16.896400 6.689530 0.484497 0.405421 -0.392614
1.5965248000e-03 0.829649 -21.443400 6.697070 -1.352720 1.077160 -0.325854
1.5965248000e-03 1.748800 -16.743000 6.876890 0.625287 0.944395 -0.251489
1.5965248000e-03 3.935390 -20.133200 6.900830 -0.893046 -0.037740 -0.284500
1.5965248000e-03 1.359030 -21.365300 6.681440 -1.445170 1.155040 -0.380142
1.5965248000e-03 0.266857 -21.110600 6.660060 -1.141700 1.530900 -0.303163
1.5965248000e-03 3.911450 -19.775200 6.619750 -0.771804 -0.162473 -0.270016
1.5965248000e-03 3.229470 -16.772500 6.770080 0.422738 0.488008 -0.384214
1.5965248000e-03 -0.950882 -17.557100 6.700140 -0.082863 1.552030 -0.309742
1.5965248000e-03 4.205440 -19.779100 6.839990 -0.709911 -0.090925 -0.480053
1.5965248000e-03 -1.078890 -18.943200 6.872140 -0.418810 1.747910 -0.378475
1.5965248000e-03 2.433640 -16.565800 6.731540 0.495644 0.504743 -0.308511
1.5965248000e-03 1.148780 -16.367300 6.811260 0.491692 0.927990 -0.275642
1.5965248000e-03 3.764660 -17.762800 6.834090 0.120366 -0.054016 -0.469643
1.5965248000e-03 -0.197676 -20.761200 6.793620 -1.054110 1.625340 -0.403323
1.5965248000e-03 0.954073 -16.596400 6.823240 0.540408 1.095340 -0.323864
1.5965248000e-03 -0.706754 -17.629000 6.862790 -0.024657 1.665750 -0.433917
1.5965248000e-03 0.371787 -16.726600 6.771040 0.437995 1.296210 -0.388980
1.5965248000e-03 0.984677 -16.678200 6.763890 0.557661 1.213410 -0.501933
1.5965248000e-03 -0.122213 -20.828200 6.817830 -1.023900 1.687550 -0.380310
1.5965248000e-03 -0.773805 -18.425700 6.719700 -0.041653 1.798540 -0.292642
1.5965248000e-03 4.152930 -18.936600 6.714580 -0.399402 -0.239384 -0.331184
1.5965248000e-03 -0.121609 -20.833200 6.816040 -1.218580 1.529670 -0.346032
1.5965248000e-03 -0.887234 -19.727400 6.747230 -0.732882 1.790450 -0.265710
1.5965248000e-03 3.202870 -21.345600 6.874070 -1.138420 0.174220 -0.432475
1.5965248000e-03 4.122760 -20.158700 6.824270 -0.922478 -0.074361 -0.339756
1.5965248000e-03 -0.396566 -20.837600 6.871690 -0.929140 1.720390 -0.417927
1.5965248000e-03 -0.939678 -19.641200 6.760260 -0.573313 1.857080 -0.270292
1.5965248000e-03 4.484570 -18.973600 6.692300 -0.515511 -0.157849 -0.334391
1.5965248000e-03 1.481770 -22.046000 6.730990 -1.349570 0.873157 -0.308207
1.5965248000e-03 2.983890 -16.748600 6.834790 0.492707 0.313557 -0.346812
1.5965248000e-03 -0.691866 -20.048400 6.713730 -1.036080 1.721110 -0.306014
1.5965248000e-03 1.862940 -16.196400 6.709690 0.557558 0.783110 -0.417277
1.5965248000e-03 3.169100 -21.375600 6.830450 -1.219300 0.190312 -0.443779
1.5965248000e-03 0.198688 -21.103000 6.750020 -1.350640 1.422530 -0.526577
1.5965248000e-03 4.308580 -20.467800 6.653920 -1.016290 0.087037 -0.421639
1.5965248000e-03 4.720800 -19.512500 6.777510 -0.670321 -0.070897 -0.365652
1.5965248000e-03 4.495680 -19.197100 6.916510 -0.613379 -0.173233 -0.402074
1.5965248000e-03 0.271492 -16.737700 6.865630 0.470779 1.408030 -0.385303
1.5965248000e-03 0.608371 -16.158700 6.613740 0.437274 1.178870 -0.407534
1.5965248000e-03 -0.739974 -17.203500 6.823030 0.082526 1.638200 -0.389933
1.5965248000e-03 -0.839752 -17.399100 6.770810 0.088685 1.658250 -0.353886
1.5965248000e-03 -1.192840 -19.900500 6.749900 -0.728010 1.761620 -0.453674
1.5965248000e-03 3.975490 -17.544400 6.790700 0.127012 -0.076685 -0.322996
1.5965248000e-03 -0.270086 -16.968600 6.735640 0.396228 1.463190 -0.365790
1.5965248000e-03 0.361626 -16.280100 6.829500 0.471526 1.195740 -0.345871
1.5965248000e-03 2.779380 -16.251600 6.847720 0.538188 0.603643 -0.437035
1.5965248000e-03 2.586200 -22.106500 6.785410 -1.350320 0.696432 -0.327293
1.5965248000e-03 4.726390 -19.443100 6.679510 -0.536006 -0.130845 -0.353429
1.5965248000e-03 3.588360 -16.663500 6.876400 0.407374 0.318372 -0.314361
1.5965248000e-03 0.604278 -16.598700 6.791860 0.516430 1.427840 -0.364071
1.5965248000e-03 -0.944751 -20.897200 6.809230 -1.000460 1.578150 -0.364655
1.5965248000e-03 4.725650 -19.832400 6.827920 -0.703033 -0.088293 -0.380967
1.5965248000e-03 2.341270 -21.546900 6.777520 -1.574630 0.671758 -0.415192
1.5965248000e-03 4.257200 -20.832900 6.709220 -0.898539 -0.021120 -0.385097
1.5965248000e-03 1.390900 -22.286300 6.648470 -1.338010 1.091930 -0.284145
1.5965248000e-03 1.530900 -16.055800 6.966380 0.595015 0.955918 -0.407694
1.5965248000e-03 -1.504770 -18.127500 6.641680 -0.088703 1.698340 -0.351290
1.5965248000e-03 0.225105 -21.852700 6.810220 -1.264780 1.350310 -0.317197
1.5965248000e-03 1.784480 -16.048800 6.723840 0.609447 0.838739 -0.439936
1.5965248000e-03 1.796130 -22.150300 6.808340 -1.435030 1.002300 -0.340431
1.5965248000e-03 3.120640 -16.379400 6.805220 0.487467 0.335581 -0.391698
1.5965248000e-03 -0.553501 -16.996900 6.791700 0.348360 1.533640 -0.383434
1.5965248000e-03 -0.748664 -21.102700 6.779250 -1.099180 1.579910 -0.343933
1.5965248000e-03 3.700180 -21.477300 6.770010 -1.197340 0.180160 -0.383514
1.5965248000e-03 0.639873 -21.673300 6.828920 -1.412550 1.373420 -0.323084
1.5965248000e-03 -1.372300 -20.534300 6.801860 -0.896382 1.659350 -0.372666
1.5965248000e-03 1.255980 -16.055400 6.661130 0.616970 1.030230 -0.408996
1.5965248000e-03 -1.488050 -19.735600 6.858250 -0.751557 1.782160 -0.328983
1.5965248000e-03 4.203190 -16.495600 6.796760 0.166700 0.166832 -0.365207
1.5965248000e-03 -0.722183 -16.880900 6.709300 0.174907 1.646780 -0.376623
1.5965248000e-03 1.657960 -15.941500 6.771180 0.626522 0.854872 -0.398722
1.5965248000e-03 0.676247 -15.857400 6.679210 0.522415 1.066550 -0.432683
1.5965248000e-03 0.651056 -15.840800 6.801450 0.512214 1.146650 -0.348087
1.5965248000e-03 -1.590290 -18.774600 6.884260 -0.353480 1.848880 -0.321458
1.5965248000e-03 0.096114 -16.458900 6.821850 0.438000 1.507350 -0.413122
1.5965248000e-03 -0.401357 -21.452400 6.827410 -1.217770 1.525060 -0.297456
1.5965248000e-03 4.949860 -18.918200 6.794250 -0.355678 -0.182620 -0.312188
1.5965248000e-03 2.049680 -15.956700 6.895510 0.647057 0.724793 -0.383639
1.5965248000e-03 -0.310876 -16.542900 6.865530 0.346220 1.565440 -0.356509
1.5965248000e-03 5.336250 -18.972700 6.767900 -0.429421 -0.093101 -0.383589
1.5965248000e-03 2.378430 -22.315500 6.847360 -1.428120 0.619896 -0.454080
1.5965248000e-03 -1.175740 -20.391700 6.814650 -0.934716 1.794460 -0.407009
1.5965248000e-03 5.360660 -19.542400 6.781860 -0.551571 -0.076353 -0.466432
1.5965248000e-03 3.229980 -21.835800 6.840810 -1.396560 0.357093 -0.343874
1.5965248000e-03 3.688480 -22.113900 6.830490 -1.233820 0.347877 -0.350992
1.5965248000e-03 2.804430 -15.838800 6.887500 0.581876 0.656291 -0.295198
1.5965248000e-03 1.222410 -15.302600 6.958900 0.453435 1.139450 -0.393587
1.5965248000e-03 4.268540 -16.420000 6.724760 0.267369 0.179501 -0.402293
1.5965248000e-03 -0.900465 -16.701300 6.767400 0.225700 1.616090 -0.361985
1.5965248000e-03 -0.549446 -16.173000 6.816730 0.323782 1.456030 -0.335100
1.5965248000e-03 1.717760 -22.578000 6.731190 -1.437830 0.846510 -0.422667
1.5965248000e-03 5.181940 -17.847200 6.801010 -0.131997 -0.081726 -0.361474
1.5965248000e-03 0.088268 -15.613900 6.728650 0.433458 1.231850 -0.319970
1.5965248000e-03 3.100070 -22.212100 6.751820 -1.394600 0.450658 -0.361582
1.5965248000e-03 2.085460 -15.479100 6.694600 0.583454 0.800541 -0.380460
1.5965248000e-03 4.586450 -21.312400 6.763180 -1.056680 0.075706 -0.387053
1.5965248000e-03 2.587620 -22.741300 6.897150 -1.381060 0.746000 -0.384809
1.5965248000e-03 -1.787440 -20.283500 6.919800 -0.739214 1.781160 -0.432690
1.5965248000e-03 4.724050 -21.066300 6.871500 -1.013310 0.023709 -0.338686
1.5965248000e-03 1.723910 -22.673500 6.721200 -1.441160 0.907686 -0.403524
1.5965248000e-03 0.652637 -22.501600 6.734800 -1.414450 1.102590 -0.352380
1.5965248000e-03 1.556490 -15.343500 6.670000 0.565568 0.881946 -0.364638
1.5965248000e-03 -0.645473 -22.074500 6.865220 -1.124410 1.513120 -0.368385
1.5965248000e-03 5.148810 -20.406000 6.833920 -0.900278 -0.062587 -0.380529
1.5965248000e-03 -1.042470 -21.730900 6.867250 -1.116310 1.560650 -0.372641
1.5965248000e-03 1.259120 -15.452700 6.944750 0.622254 0.975264 -0.409393
1.5965248000e-03 1.784560 -22.935300 6.620380 -1.418300 0.921473 -0.388181
1.5965248000e-03 3.273290 -15.319000 6.843440 0.430646 0.428377 -0.389037
1.5965248000e-03 5.483990 -19.484500 6.595010 -0.415506 -0.176094 -0.388000
1.5965248000e-03 2.691660 -15.323500 6.854330 0.555281 0.593006 -0.436276
1.5965248000e-03 1.983560 -15.173600 6.840860 0.582830 0.847330 -0.393779
1.5965248000e-03 2.589980 -15.355100 6.842940 0.589133 0.627225 -0.370162
1.5965248000e-03 4.672220 -16.274300 6.776740 0.143674 0.048975 -0.391443
1.5965248000e-03 5.576480 -17.622600 6.888810 -0.068019 -0.051584 -0.390753
1.5965248000e-03 -2.001820 -18.348800 6.739580 -0.204683 1.884800 -0.354734
1.5965248000e-03 5.033750 -21.371600 6.876810 -0.982815 0.009324 -0.420067
1.5965248000e-03 2.593650 -22.942200 6.699220 -1.449670 0.746579 -0.399573
1.5965248000e-03 -1.513160 -16.569000 6.781430 0.200874 1.643500 -0.432718
1.5965248000e-03 2.875340 -15.132500 6.807130 0.550189 0.559053 -0.376712
1.5965248000e-03 -0.207304 -15.421400 6.749930 0.478684 1.305890 -0.359358
1.5965248000e-03 -0.397270 -15.355400 6.776450 0.426514 1.346530 -0.328289
1.5965248000e-03 2.674740 -23.368300 6.864760 -1.389980 0.681439 -0.347550
1.5965248000e-03 5.381830 -16.706500 6.746200 0.168449 0.043160 -0.354289
1.5965248000e-03 -0.269900 -15.226700 6.687850 0.469440 1.343360 -0.398626
1.5965248000e-03 0.975588 -14.525800 6.840140 0.512784 1.076280 -0.421649
1.5965248000e-03 -2.751260 -19.813200 6.650350 -0.585205 1.835430 -0.384453
1.5965248000e-03 -2.725610 -18.536800 6.798220 -0.355845 1.863440 -0.412279
1.5965248000e-03 2.790500 -14.237900 6.813820 0.498829 0.661541 -0.434317
1.5965248000e-03 0.000192 -23.540100 6.872830 -1.344750 1.196860 -0.403478
1.5965248000e-03 -2.711250 -20.871100 7.032100 -0.887465 1.746670 -0.378195
1.5965248000e-03 0.333859 -23.765500 6.737090 -1.402130 1.113200 -0.362587
1.5965248000e-03 6.823200 -17.669600 6.688840 -0.194792 -0.095885 -0.357938
1.5965248000e-03 4.112130 -23.792300 6.829670 -1.325510 0.435669 -0.386971
1.5965248000e-03 -3.286880 -17.116500 6.928730 -0.060326 1.768750 -0.385278
1.6821920000e-03 1.791630 -19.064300 6.738470 -0.238552 0.771621 -0.881037
1.6821920000e-03 1.759000 -19.048100 6.897040 -0.652670 1.028290 -0.591813
1.6821920000e-03 1.738100 -18.930300 6.782290 -0.840093 0.908221 -0.088140
1.6821920000e-03 1.760900 -18.978600 6.852690 -0.975461 0.497991 -0.481875
1.6821920000e-03 1.644160 -19.097000 6.775710 -0.810210 0.851603 -0.630086
1.6821920000e-03 1.726950 -19.017200 6.820010 -0.982889 0.173827 -0.454779
1.6821920000e-03 1.875120 -19.074800 6.794480 -0.166723 0.824665 -0.183225
1.6821920000e-03 1.708730 -19.137200 6.828580 -0.118211 1.023690 0.086886
1.6821920000e-03 1.716140 -18.930700 6.743540 -0.021014 0.669470 -0.479772
1.6821920000e-03 1.680900 -19.071200 6.792980 -0.157364 1.029620 0.390882
1.6821920000e-03 1.836740 -19.064000 6.777000 -0.440371 1.560660 -0.524948
1.6821920000e-03 1.813900 -18.939000 6.758070 -0.706883 0.891554 -0.805486
1.6821920000e-03 1.814310 -18.919500 6.785510 -0.294252 0.700914 -0.820630
1.6821920000e-03 1.853520 -18.962500 6.840170 -0.109906 0.764671 -0.710596
1.6821920000e-03 1.799900 -19.078200 6.872720 -0.402125 0.474717 0.223143
1.6821920000e-03 1.792420 -19.057800 6.875000 0.288856 0.712624 -0.202664
1.6821920000e-03 1.706470 -19.008600 6.741490 -0.634673 1.215550 0.390566
1.6821920000e-03 1.766980 -19.025700 6.700520 0.317882 0.741311 -0.413445
1.6821920000e-03 1.718260 -18.956600 6.903410 -0.277356 0.980061 -0.867976
1.6821920000e-03 1.868060 -19.115400 6.881060 -0.218248 0.935625 -0.480852
1.6821920000e-03 1.811160 -18.946700 6.883320 -0.382415 0.325773 -0.516363
1.6821920000e-03 1.735290 -19.130500 6.754170 -0.716156 0.447243 0.300902
1.6821920000e-03 1.730330 -19.047400 6.892610 -1.274840 0.831862 -0.379426
1.6821920000e-03 1.696600 -18.911800 6.711980 -0.146501 0.488403 -0.434946
1.6821920000e-03 1.757350 -19.087900 6.659230 -0.135134 1.240360 -0.227626
1.6821920000e-03 1.836970 -18.993100 6.721510 0.148601 0.798607 0.081806
1.6821920000e-03 1.577050 -18.986000 6.794890 -0.056309 1.001330 -0.347948
1.6821920000e-03 1.748290 -19.085600 6.744250 -0.104470 0.752504 0.579805
1.6821920000e-03 1.743180 -18.949500 6.658690 -0.497756 0.512416 -0.604718
1.6821920000e-03 1.864210 -19.140500 6.761350 -0.019652 0.488127 -0.143181
1.6821920000e-03 1.725980 -18.965700 6.812900 -0.309560 1.811760 -0.764973
1.6821920000e-03 1.751240 -19.023700 6.925760 -0.553501 0.194246 -0.131120
1.6821920000e-03 1.634580 -18.976000 6.786780 0.388115 0.734301 -0.449930
1.6821920000e-03 1.727150 -19.056500 6.858390 0.260795 0.058471 -0.470345
1.6821920000e-03 1.760790 -18.983800 6.728760 -0.473070 -0.016332 -0.933891
1.6821920000e-03 1.620220 -19.078800 6.737190 -0.740338 0.467551 -0.999187
1.6821920000e-03 1.812950 -18.958300 6.755610 0.274242 0.660794 -1.015450
1.6821920000e-03 1.642240 -18.981300 6.863540 0.356230 0.932326 -0.682030
1.6821920000e-03 1.910930 -19.159500 6.799710 -0.069512 0.713505 -0.343751
1.6821920000e-03 1.552790 -19.025600 6.832610 0.013197 0.875195 -0.227810
1.6821920000e-03 1.786420 -18.893700 6.779960 -0.068650 1.356660 -0.918072
1.6821920000e-03 1.659930 -18.848600 6.809210 -0.845452 0.798719 -0.382574
1.6821920000e-03 1.671870 -19.022400 6.816940 -0.216904 -0.203838 -0.767129
1.6821920000e-03 1.633700 -19.034300 6.784590 -0.081444 0.705102 -1.337740
1.6821920000e-03 1.739840 -19.014600 6.776610 -1.308200 -0.053642 -0.313005
1.6821920000e-03 1.602880 -19.102800 6.721180 -1.009480 1.241700 -0.252538
1.6821920000e-03 1.663900 -18.943500 6.748720 0.432025 0.568663 -0.127470
1.6821920000e-03 1.757300 -19.073000 6.661820 -1.010860 0.876831 -1.018990
1.6821920000e-03 1.823230 -18.866200 6.871590 -0.089140 0.556489 -0.696706
1.6821920000e-03 1.815480 -19.147500 6.712110 -1.187640 1.008840 -0.757020
1.6821920000e-03 1.655970 -19.000600 6.700250 -1.239350 1.012560 0.076132
1.6821920000e-03 1.695630 -18.814400 6.851280 -0.701690 0.855306 -0.154745
1.6821920000e-03 1.865470 -18.947400 6.745200 -1.091880 1.425000 -0.184484
1.6821920000e-03 1.665870 -18.985100 6.729050 -1.441170 0.488530 -0.452662
1.6821920000e-03 1.800010 -18.989900 7.010980 -0.488813 0.799436 -0.489729
1.6821920000e-03 1.803270 -19.055100 6.844240 -0.513485 1.681960 -1.311780
1.6821920000e-03 1.823510 -19.267500 6.735160 -0.233085 0.793747 -0.157522
1.6821920000e-03 1.521000 -19.069500 6.813750 -0.616570 0.940466 -0.911435
1.6821920000e-03 1.727570 -19.022500 6.910620 0.104966 0.200685 0.309059
1.6821920000e-03 1.949570 -18.907200 6.758030 -0.408937 0.573268 -0.699882
1.6821920000e-03 1.663970 -19.197600 6.641740 -0.408527 1.201800 -0.456683
1.6821920000e-03 1.689100 -19.084800 6.924720 -0.424950 1.725220 -0.785404
1.6821920000e-03 1.768420 -18.950900 6.606830 -0.757387 1.271540 -0.254562
1.6821920000e-03 1.795100 -18.876200 6.912040 -0.629155 0.198098 -0.349442
1.6821920000e-03 1.595830 -18.988300 6.620610 -0.638928 0.774153 -0.093181
1.6821920000e-03 1.748450 -18.860700 6.848220 -0.114463 1.018080 0.398651
1.6821920000e-03 1.975110 -18.920800 6.770580 -0.704468 0.567509 -0.346850
1.6821920000e-03 1.751220 -19.007100 6.569330 -0.547307 1.195290 -0.524050
1.6821920000e-03 1.807500 -19.129300 6.943160 -0.815285 0.508977 -1.001270
1.6821920000e-03 1.787530 -18.892400 6.942650 -0.054886 1.075410 0.136963
1.6821920000e-03 1.810440 -19.112600 6.962640 0.215917 0.458037 -0.507443
1.6821920000e-03 1.722450 -19.181700 6.762620 0.507214 0.434859 -0.034595
1.6821920000e-03 1.528360 -19.051400 6.694140 0.106284 0.973363 -0.221302
1.6821920000e-03 1.644380 -18.838800 6.890300 -0.052789 0.428647 -0.396688
1.6821920000e-03 1.618870 -19.166500 6.766750 -0.357357 0.324547 0.410230
1.6821920000e-03 1.816440 -19.032300 6.744870 -0.709350 0.720252 -1.648470
1.6821920000e-03 1.809770 -19.221700 6.680940 -0.597109 1.549090 -0.495630
1.6821920000e-03 1.826400 -19.128000 6.917180 -0.871842 1.088890 -1.246680
1.6821920000e-03 1.939090 -19.063100 6.775200 0.117894 1.581330 -0.095108
1.6821920000e-03 1.868670 -19.170700 6.886630 -0.942147 0.264957 0.078086
1.6821920000e-03 1.841330 -19.202400 6.608930 -0.639014 0.730436 -0.018013
1.6821920000e-03 1.821770 -18.975100 6.686340 0.529677 0.581373 -0.913557
1.6821920000e-03 1.493150 -18.984600 6.672120 -0.078239 0.948806 -0.495564
1.6821920000e-03 1.713930 -18.924200 6.794320 0.247770 0.548323 0.677273
1.6821920000e-03 1.731830 -18.794200 6.691670 -0.725846 0.645645 -0.821290
1.6821920000e-03 1.858820 -18.937300 6.728850 0.397761 1.509230 -0.693118
1.6821920000e-03 1.882650 -19.039400 6.871520 -0.137935 1.761360 0.265551
1.6821920000e-03 1.642410 -19.152500 6.646480 -0.654021 0.697782 -1.173060
1.6821920000e-03 1.544670 -19.156100 6.681040 -0.937717 0.745542 -0.770414
1.6821920000e-03 1.864160 -18.975700 7.051070 -0.614327 0.908979 -0.382499
1.6821920000e-03 1.513670 -19.007500 6.714180 -0.385043 0.414114 0.227263
1.6821920000e-03 1.573070 -19.065100 6.761780 0.500779 1.379270 -0.638298
1.6821920000e-03 1.880040 -19.105700 6.927350 -1.354780 0.864916 -0.132482
1.6821920000e-03 1.783620 -19.149000 6.825260 -0.846890 0.025181 -1.343860
1.6821920000e-03 1.776450 -18.982500 6.944170 -0.644140 1.422140 0.589455
1.6821920000e-03 1.547490 -18.985000 6.831320 -0.278476 1.770410 0.079413
1.6821920000e-03 1.923580 -19.013000 6.810090 -0.269325 -0.126226 -0.958580
1.6821920000e-03 1.778420 -18.787500 6.772230 -0.993678 1.215260 -0.886678
1.6821920000e-03 1.817080 -18.898200 6.769460 -1.545880 0.344111 -0.476391
1.6821920000e-03 2.013880 -19.110900 6.664530 -0.540940 0.690301 0.062226
1.6821920000e-03 1.541890 -18.924900 6.749360 -0.600307 0.941299 0.532997
1.6821920000e-03 1.799920 -19.126100 6.744330 -1.506750 1.617840 0.077853
1.6821920000e-03 1.754870 -18.869400 7.020360 -0.507767 0.273622 -0.262546
1.6821920000e-03 1.720240 -19.181900 6.745710 -0.658834 -0.139461 0.386719
1.6821920000e-03 1.673090 -19.154300 6.872450 0.360527 0.718522 0.588650
1.6821920000e-03 1.896750 -18.883900 6.913520 -0.278535 0.863403 -1.246630
1.6821920000e-03 1.633520 -19.037500 6.755150 -1.443540 -0.098939 -0.515294
1.6821920000e-03 1.760580 -19.292300 6.601450 -0.724493 0.605938 -0.281715
1.6821920000e-03 2.084010 -18.916500 6.809520 -0.657647 0.984026 -0.242934
1.6821920000e-03 1.832620 -19.224000 6.683290 -0.543635 0.844567 0.564065
1.6821920000e-03 1.574390 -18.938300 6.906240 -1.105820 0.974108 0.336439
1.6821920000e-03 1.988440 -19.167300 6.695530 0.105131 1.261880 -0.183477
1.6821920000e-03 1.600260 -19.120700 6.624480 0.184250 0.314726 -0.750778
1.6821920000e-03 1.691540 -19.186400 6.894400 -0.705684 -0.119196 0.223377
1.6821920000e-03 1.711680 -19.282700 6.653950 -0.530128 1.381670 0.142824
1.6821920000e-03 1.945300 -19.109800 6.964420 0.037089 1.342080 -0.791434
1.6821920000e-03 1.973070 -19.009600 6.841220 -0.696226 0.514615 -1.315080
1.6821920000e-03 1.814210 -18.940900 6.844420 -0.273129 0.063107 0.780191
1.6821920000e-03 1.653710 -19.124000 6.829590 -1.206260 1.604690 -1.292400
1.6821920000e-03 1.498520 -19.170800 6.911320 -1.071430 1.087550 -0.205070
1.6821920000e-03 2.017780 -19.134100 6.927520 -1.005090 0.972645 -0.592920
1.6821920000e-03 1.688720 -18.871400 6.759920 -0.071410 0.029362 -1.242070
1.6821920000e-03 1.761460 -19.372100 6.848730 -0.366820 1.364880 -0.680671
1.6821920000e-03 1.474700 -18.886900 6.747790 0.077564 0.423454 -0.103592
1.6821920000e-03 1.553790 -19.164800 6.743520 -0.402985 0.933307 -1.425450
1.6821920000e-03 1.961480 -18.814700 6.765860 -0.600205 0.920958 -1.115810
1.6821920000e-03 1.529710 -19.099000 6.603030 -0.718621 1.309200 0.109107
1.6821920000e-03 1.878820 -19.140800 6.492940 -0.354648 0.910867 -0.696052
1.6821920000e-03 1.576460 -19.133100 6.678740 -0.440561 0.730497 0.703029
1.6821920000e-03 1.523870 -18.873200 6.893500 -1.093760 0.903579 -0.929933
1.6821920000e-03 1.662520 -18.822400 6.606710 -0.433867 1.225760 -1.050440
1.6821920000e-03 1.855160 -19.081900 6.738750 1.014160 0.666823 -0.511848
1.6821920000e-03 1.708970 -18.670100 6.668240 -0.739128 0.874887 -0.536340
1.6821920000e-03 1.829880 -19.234800 6.631310 -1.094720 1.381990 -0.762007
1.6821920000e-03 1.729370 -19.049400 6.837570 0.567959 -0.462332 -0.089484
1.6821920000e-03 1.567880 -19.209600 6.577660 -0.631029 1.344410 0.000536
1.6821920000e-03 1.874030 -18.984500 6.583900 -0.111712 1.511000 0.270605
1.6821920000e-03 1.928520 -19.102200 6.724500 -0.357830 2.031550 -0.757162
1.6821920000e-03 1.734360 -18.627900 6.739910 -0.439343 0.818227 -0.727039
1.6821920000e-03 1.731500 -19.302500 6.858890 -1.230790 0.290071 -0.648381
1.6821920000e-03 1.754320 -19.091300 6.996120 -0.214791 -0.251502 -0.085907
1.6821920000e-03 1.791400 -19.072000 7.032630 0.037984 0.488612 0.443890
1.6821920000e-03 1.931750 -19.339100 6.699300 0.176022 0.726429 -0.285997
1.6821920000e-03 1.603680 -19.001200 6.868650 -1.640460 1.501600 -0.640125
1.6821920000e-03 1.961240 -18.988000 6.638630 -1.285780 1.211060 -0.678316
1.6821920000e-03 1.887520 -19.284900 7.036710 -0.204358 0.955536 -0.807221
1.6821920000e-03 1.700990 -19.018900 6.869380 0.451551 0.176103 -1.555110
1.6821920000e-03 1.706780 -19.327400 6.639840 -0.931510 1.423550 -0.232834
1.6821920000e-03 2.072620 -19.241600 6.857400 -0.392380 0.879641 -0.966019
1.6821920000e-03 1.677510 -19.339400 6.898780 0.323607 1.049290 -0.710500
1.6821920000e-03 1.582420 -18.985200 6.671970 0.646651 0.483080 0.121777
1.6821920000e-03 1.603690 -18.960500 6.772620 -1.782250 1.106610 -0.831588
1.6821920000e-03 1.808480 -19.089800 6.610530 0.625536 0.851387 0.274775
1.6821920000e-03 1.836950 -18.688000 6.678180 0.004919 1.322490 -0.422251
1.6821920000e-03 1.785990 -19.148700 6.754310 0.765422 -0.112876 -0.099945
1.6821920000e-03 1.744480 -19.354000 6.848230 -0.037024 1.316360 -1.088420
1.6821920000e-03 1.757610 -19.154600 6.569980 -1.173650 0.301632 0.148811
1.6821920000e-03 1.580150 -18.852500 7.100430 -0.680274 1.194020 -0.197081
1.6821920000e-03 1.883630 -18.892900 6.886440 -1.683060 0.633709 -0.549389
1.6821920000e-03 1.856130 -18.590700 6.705720 -0.527939 0.704319 -0.635760
1.6821920000e-03 1.615720 -19.215600 6.469160 -0.027522 1.087290 -0.201558
1.6821920000e-03 1.598630 -18.677300 6.930230 -0.595438 0.679873 0.173253
1.6821920000e-03 1.440440 -19.045500 6.677200 0.040480 0.157808 0.029309
1.6821920000e-03 1.638740 -18.713800 6.958910 -0.033689 0.870361 0.232681
1.6821920000e-03 1.891550 -19.330900 6.677630 -0.661473 0.424056 0.349496
1.6821920000e-03 1.690660 -19.179400 6.947270 -0.637705 -0.253903 -1.034170
1.6821920000e-03 1.556440 -18.944200 6.981930 -0.936685 1.807970 -0.404038
1.6821920000e-03 1.721270 -19.055400 6.753100 1.134160 0.243733 -0.973776
1.6821920000e-03 1.930470 -19.341600 6.700150 -0.063739 0.445359 0.270050
1.6821920000e-03 2.117010 -18.759700 6.821470 -0.100844 0.911982 -0.798715
1.6821920000e-03 1.761550 -18.650700 6.555820 -0.243863 0.924675 -0.034717
1.6821920000e-03 1.829840 -19.326300 6.734910 -1.321000 0.411438 0.053979
1.6821920000e-03 1.981520 -18.953700 6.790220 -1.299410 0.028924 0.066879
1.6821920000e-03 2.007800 -19.431000 6.758670 -0.091895 0.441963 -0.329525
1.6821920000e-03 1.568720 -19.381700 6.737310 -0.150735 1.594650 -0.105374
1.6821920000e-03 1.893620 -18.837300 6.828560 -1.035260 -0.132122 -0.926771
1.6821920000e-03 1.647260 -18.733000 6.607920 -0.148386 0.980435 0.390202
1.6821920000e-03 2.023630 -19.149300 6.883370 -1.209800 1.605150 -0.424261
1.6821920000e-03 1.618450 -18.840200 6.517750 -0.021562 1.488750 -0.134869
1.6821920000e-03 2.049010 -19.437300 6.849660 -0.003793 0.883658 -0.344545
1.6821920000e-03 1.851940 -19.179700 6.587970 -0.117106 1.402440 -1.329560
1.6821920000e-03 1.760810 -18.664000 6.928940 -0.344475 0.281923 0.165493
1.6821920000e-03 1.506830 -19.101500 6.701100 -0.381585 -0.374556 -0.274508
1.6821920000e-03 1.652620 -19.244600 6.921170 -1.444920 0.200601 -0.081383
1.6821920000e-03 1.346980 -19.112000 6.699090 -1.010150 1.358560 -0.327745
1.6821920000e-03 1.967010 -19.002800 6.833450 -1.243680 0.808672 -1.503740
1.6821920000e-03 2.234150 -19.077300 6.677020 -0.493837 0.634573 0.011363
1.6821920000e-03 1.726480 -19.359400 6.732080 -0.836516 0.150524 0.339410
1.6821920000e-03 1.884820 -19.152700 7.211120 -0.261481 0.561921 -0.611206
1.6821920000e-03 1.722780 -18.776900 6.697800 0.317861 1.322670 -1.215150
1.6821920000e-03 1.649700 -19.244700 6.529760 -1.151310 1.277270 -0.010622
1.6821920000e-03 1.781700 -18.749200 6.558250 0.086873 0.635741 -1.015430
1.6821920000e-03 1.600590 -18.632600 6.682720 -0.299403 1.331020 0.143600
1.6821920000e-03 1.762720 -19.192700 6.867130 -1.789950 1.514090 0.061432
1.6821920000e-03 1.720310 -18.525100 6.669570 -0.626148 0.793891 -0.765651
1.6821920000e-03 2.216320 -18.791000 6.737800 -0.684625 0.980137 0.008874
1.6821920000e-03 2.102450 -18.690700 6.740670 -0.684193 1.314570 -0.062828
1.6821920000e-03 1.405430 -19.415700 6.810600 -0.606884 0.339688 -0.112173
1.6821920000e-03 1.704740 -18.630100 6.803920 -0.789920 1.635420 -0.690824
1.6821920000e-03 1.984890 -18.890400 6.652720 -1.136540 1.186700 0.450578
1.6821920000e-03 2.215960 -19.012100 6.786690 -0.740352 1.170290 0.212884
1.6821920000e-03 1.624400 -19.190900 6.661910 0.196326 1.641030 -1.318060
1.6821920000e-03 1.870600 -19.250100 6.631320 0.217521 1.803630 -0.697696
1.6821920000e-03 1.758050 -19.038800 6.829640 -1.993430 1.562390 -1.195210
1.6821920000e-03 2.086700 -19.246900 6.799530 0.103083 0.591711 0.387003
1.6821920000e-03 2.088780 -19.143100 6.956510 -0.198773 1.590340 0.151129
1.6821920000e-03 1.917130 -19.416200 6.799270 -0.180722 0.860975 -1.276730
1.6821920000e-03 1.875330 -18.859900 7.044250 0.332542 1.566990 -0.108302
1.6821920000e-03 1.240150 -19.334500 6.804760 -0.284560 0.601686 -0.073408
1.6821920000e-03 1.845280 -19.006400 6.618820 -0.931008 0.514920 -1.722340
1.6821920000e-03 2.009710 -18.615700 6.827280 -0.383250 0.117764 -0.434293
1.6821920000e-03 2.165220 -19.102100 6.701490 -0.426499 0.155448 -0.953570
1.6821920000e-03 1.474760 -18.798400 6.980020 0.302980 0.272469 -0.564616
1.6821920000e-03 1.593940 -18.685700 7.020410 -0.181472 0.706067 -1.154490
1.6821920000e-03 1.803770 -19.240900 6.804650 0.019212 -0.242368 -1.395840
1.6821920000e-03 1.700480 -19.309700 7.108270 -0.594754 0.366826 -1.097950
1.6821920000e-03 1.856150 -18.951900 6.794470 -0.448252 1.781990 1.118280
1.6821920000e-03 1.941800 -18.893800 6.671090 -1.284600 1.744700 -0.978857
1.6821920000e-03 1.911100 -18.840300 6.941310 0.622265 1.620170 -0.307977
1.6821920000e-03 1.417710 -18.597200 6.674880 -0.690583 1.333980 -0.695764
1.6821920000e-03 1.472420 -18.798100 6.818970 -1.228550 0.731263 -1.233740
1.6821920000e-03 1.887600 -19.012900 6.826210 0.588704 -0.530065 -0.041166
1.6821920000e-03 1.454660 -19.192200 6.717630 0.628547 1.072660 0.220728
1.6821920000e-03 2.141510 -19.111400 6.953340 -0.351687 1.778880 -0.090355
1.6821920000e-03 1.462520 -18.771200 6.536970 -0.421718 0.502332 -1.121780
1.6821920000e-03 1.472230 -18.753400 7.003660 0.274341 1.001520 -0.932717
1.6821920000e-03 1.645060 -18.900200 6.585280 0.750342 1.464430 -0.637899
1.6821920000e-03 2.127070 -18.616900 6.824330 -0.428964 0.519272 0.214811
1.6821920000e-03 2.284920 -19.291200 7.059340 -0.416978 0.844597 -0.598525
1.6821920000e-03 1.282230 -19.064900 6.880000 0.045919 1.602340 -0.633478
1.6821920000e-03 1.523210 -18.954600 6.791470 -0.219086 1.893400 -1.479350
1.6821920000e-03 2.044570 -18.924400 6.488230 0.027492 0.106072 -0.243598
1.6821920000e-03 2.376610 -18.901800 6.734060 -0.720129 0.476609 -0.470706
1.6821920000e-03 1.523120 -19.360200 6.757240 -0.142294 1.169450 0.680154
1.6821920000e-03 1.586150 -19.207600 7.026590 -1.164750 0.159567 -1.099280
1.6821920000e-03 1.680390 -19.307300 6.775380 -1.803990 1.176080 -0.038602
1.6821920000e-03 1.686910 -19.068800 6.335230 -1.142930 0.443077 -0.334197
1.6821920000e-03 1.786610 -19.153300 6.417610 -0.044405 0.577933 0.543970
1.6821920000e-03 1.924660 -19.330800 6.617200 0.719586 0.732928 -0.251067
1.6821920000e-03 1.763210 -19.078000 6.725580 -0.613293 -1.082260 -0.476373
1.6821920000e-03 1.628970 -18.749400 6.595910 -0.009063 1.564790 -1.261340
1.6821920000e-03 1.977530 -19.115800 6.918700 -0.665779 0.270575 -1.717170
1.6821920000e-03 1.376850 -19.160300 6.701740 0.093261 0.825222 0.701693
1.6821920000e-03 1.975150 -18.492800 6.561790 -0.268207 1.404350 -0.139264
1.6821920000e-03 1.755770 -18.662800 6.946380 0.656361 0.857511 -0.850329
1.6821920000e-03 1.161510 -19.037100 6.672950 -0.328267 0.304576 -0.943645
1.6821920000e-03 1.646240 -19.036900 6.715880 0.911593 2.126530 -0.029064
1.6821920000e-03 1.388360 -18.659400 7.149940 -0.114686 0.381606 -0.161448
1.6821920000e-03 1.523760 -18.500000 7.002740 -0.833002 1.414810 -0.168263
1.6821920000e-03 2.531050 -19.256200 6.692400 -0.396084 0.707157 -0.204353
1.6821920000e-03 2.149790 -18.749300 6.533200 -0.144335 0.340928 0.188509
1.6821920000e-03 2.342230 -18.781400 7.028170 -0.222685 1.351510 -0.592684
1.6821920000e-03 1.363460 -18.881200 6.591220 -1.190130 1.528320 0.002983
1.6821920000e-03 2.011990 -19.543600 7.001690 0.299866 0.614907 -0.639087
1.6821920000e-03 1.967210 -19.129500 6.533830 0.884087 0.763773 -0.395625
1.6821920000e-03 2.411380 -19.014200 6.947910 0.232266 1.175360 -0.393150
1.6821920000e-03 1.628180 -19.135500 6.537290 -1.133970 2.091920 -0.121280
1.9951360000e-02 1.890530 -18.822200 6.733100 -0.732782 0.024977 -0.697933
1.9951360000e-02 1.529560 -18.740900 7.149740 -0.511773 0.861905 -1.143930
1.9951360000e-02 1.751850 -19.185600 6.539140 0.811814 0.847770 0.198178
1.9951360000e-02 1.584750 -18.893300 7.443540 -0.081837 0.690446 0.022648
1.9951360000e-02 1.885140 -18.722000 6.623190 -0.354217 0.562926 -1.685940
1.9951360000e-02 2.001880 -19.660200 6.525830 -0.123074 1.138300 -1.080270
1.9951360000e-02 1.780110 -18.561500 7.206650 0.141468 0.040561 -0.856761
1.9951360000e-02 1.068430 -19.150000 6.947370 -0.387325 0.065576 -1.144490
1.9951360000e-02 1.545610 -19.075800 6.278750 0.501698 1.603010 -0.149564
1.9951360000e-02 2.752040 -18.484400 6.248030 -0.241700 1.280210 -0.554813
1.9951360000e-02 2.458770 -18.213700 7.180470 -1.114450 0.966574 -0.246046
1.9951360000e-02 2.108200 -18.509900 7.436130 0.362209 1.466260 -0.250887
1.9951360000e-02 2.592930 -18.331900 7.430510 -1.018070 1.244520 -0.575890
1.9951360000e-02 3.135900 -18.950800 6.898300 -0.408244 0.913991 0.464484
1.9951360000e-02 1.873020 -19.050800 6.413840 -0.035824 -0.745805 -0.768711
1.9951360000e-02 0.858372 -19.611500 7.924100 -0.266494 0.709839 -1.054620
1.9951360000e-02 1.670680 -19.024700 8.636630 -0.760146 0.707063 -0.081707
1.9951360000e-02 2.160570 -17.419100 5.507650 -0.886079 0.854853 -0.437866
1.9951360000e-02 1.383920 -16.985400 6.416820 -0.480624 1.298850 -0.004635
1.9951360000e-02 0.852986 -20.098100 5.535160 -0.030138 0.881985 -0.892494
1.9951360000e-02 1.264350 -18.909400 5.387620 0.208510 0.328567 -0.039511
1.9951360000e-02 2.457270 -19.878300 6.681400 -0.935093 1.631380 0.525829
1.9951360000e-02 0.502405 -19.340700 5.530980 -0.418370 1.509180 -0.755783
1.9951360000e-02 1.287230 -19.855900 6.035740 -1.270020 1.417480 -0.953391
1.9951360000e-02 1.429650 -17.270200 7.155760 -0.696520 1.194410 -1.160170
1.9951360000e-02 3.521330 -19.205900 7.340110 0.436134 1.093710 -0.452543
1.9951360000e-02 1.599360 -18.236200 6.723300 -1.604440 1.315470 0.541925
1.9951360000e-02 0.413551 -18.144900 5.969730 -1.137770 1.466420 -0.227991
1.9951360000e-02 0.355712 -17.262300 7.074260 0.028456 1.353620 -0.766614
1.9951360000e-02 -0.944389 -18.563200 5.854510 -0.431148 0.693619 -0.115906
1.9951360000e-02 0.730787 -19.149800 6.381940 -0.331578 2.208350 -0.545109
1.9951360000e-02 1.564680 -19.675400 6.650670 -1.251240 -0.572891 -0.834208
1.9951360000e-02 1.846330 -19.685600 9.511580 -0.487134 0.446652 -0.347557
1.9951360000e-02 3.125510 -19.495300 7.817990 -0.913431 1.690150 -0.752471
1.9951360000e-02 -0.373499 -19.213500 9.019740 -0.561105 0.551095 -0.337385
1.9951360000e-02 2.673430 -18.182700 4.707560 0.067887 0.381626 -0.628130
1.9951360000e-02 -0.459050 -18.072200 8.544320 -0.316220 0.565822 -0.825597
1.9951360000e-02 3.195990 -20.239900 8.633710 -0.429747 0.244667 -0.008603
1.9951360000e-02 2.196350 -18.326800 6.676630 0.310885 -0.590835 -0.730992
1.9951360000e-02 -1.282530 -18.575500 6.383040 -0.312835 0.303291 -0.098493
1.9951360000e-02 3.025050 -16.167900 5.183400 -0.694130 0.940122 -0.551507
1.9951360000e-02 -0.017782 -19.796000 6.825280 0.300485 1.624960 -0.930022
1.9951360000e-02 -0.441368 -19.434600 8.841440 0.023967 1.317830 -0.542828
1.9951360000e-02 -0.353604 -19.372500 6.069600 -1.003710 0.395232 -1.117800
1.9951360000e-02 2.220750 -22.397800 6.606440 -0.727529 1.188970 -0.841914
1.9951360000e-02 4.834850 -18.059500 8.366390 -0.822529 0.559585 -0.235411
1.9951360000e-02 4.606960 -20.141700 9.052590 -0.236068 1.189360 -0.373752
1.9951360000e-02 0.026903 -16.456100 8.879540 -0.436459 0.750172 -0.798666
1.9951360000e-02 1.042290 -20.325700 9.202490 -0.586108 0.614334 0.381276
1.9951360000e-02 -0.105780 -21.187100 5.349210 0.173169 0.635520 -0.005055
1.9951360000e-02 5.033370 -19.148900 7.319480 -0.405519 0.371211 -0.912587
1.9951360000e-02 -0.643911 -19.278500 6.312910 -1.472870 0.704056 -0.301871
1.9951360000e-02 0.659883 -20.081600 8.636810 -1.068910 1.674950 -0.458918
1.9951360000e-02 -1.154080 -19.433200 7.083030 0.154277 0.221714 -0.012341
1.9951360000e-02 4.557890 -19.112300 4.349200 -0.653169 1.315170 -0.680301
1.9951360000e-02 1.231950 -20.785100 5.145180 0.067771 0.114749 0.182348
1.9951360000e-02 2.122550 -16.558600 9.539620 0.145374 0.872629 -0.165801
1.9951360000e-02 -0.342381 -18.897200 5.548630 -1.116570 1.670440 -0.663251
1.9951360000e-02 2.880210 -22.888700 7.849940 -0.174738 0.432242 -0.252292
1.9951360000e-02 3.030680 -20.945300 7.813950 -1.071050 1.735760 -0.194727
1.9951360000e-02 5.154690 -17.453700 6.669550 0.248919 0.797567 -0.637956
1.9951360000e-02 -1.489700 -17.242800 6.552410 -0.557222 1.595450 -0.443585
1.9951360000e-02 4.601920 -22.285000 8.062970 -0.691635 0.558276 -0.316102
1.9951360000e-02 2.466610 -20.113900 5.491980 0.496024 0.671062 -1.302130
1.9951360000e-02 0.331300 -18.903500 9.913360 -0.892074 0.260925 -0.131972
1.9951360000e-02 4.655250 -21.453200 6.264270 -0.604782 1.019010 0.310299
1.9951360000e-02 -2.182660 -17.061600 6.567270 -0.215001 0.798079 0.111803
1.9951360000e-02 2.783750 -17.748100 8.203340 0.405647 0.071459 -0.823743
1.9951360000e-02 4.140940 -20.093300 5.819360 0.555284 0.435764 -0.454833
1.9951360000e-02 0.350350 -17.196000 4.433040 0.297617 0.514118 -0.744869
1.9951360000e-02 2.756550 -19.789700 4.627660 -1.017180 1.575610 0.244309
1.9951360000e-02 0.298037 -18.944300 8.392190 -1.479740 0.721174 -1.048240
1.9951360000e-02 1.618660 -19.101800 9.038160 0.420811 1.689050 -0.572735
1.9951360000e-02 6.188040 -19.195300 5.656660 -0.566981 1.347710 -0.574822
1.9951360000e-02 3.186670 -17.882000 5.948860 -0.697310 -0.464531 -0.386711
1.9951360000e-02 2.745790 -20.480300 2.821710 0.082660 0.659131 -0.620240
1.9951360000e-02 1.120790 -20.706800 3.247540 -0.218985 0.362188 -0.865443
1.9951360000e-02 -3.141530 -17.881800 5.553610 -0.702863 0.933617 -0.239388
1.9951360000e-02 1.661020 -22.891400 4.305900 -0.515519 0.332481 -0.219228
1.9951360000e-02 6.494470 -19.137300 5.286050 -0.034372 0.964760 -0.316844
1.9951360000e-02 4.551510 -20.764200 8.730480 -0.370641 0.488356 -1.109510
1.9951360000e-02 1.244040 -20.259600 6.656370 -1.795400 1.660540 -0.897683
1.9951360000e-02 -0.750525 -21.104600 6.066440 -0.023213 1.662310 0.098878
1.9951360000e-02 -0.616473 -16.275800 5.418600 0.119303 1.462160 -0.152404
1.9951360000e-02 -1.612160 -19.662400 5.575190 -0.393705 1.126650 0.507491
1.9951360000e-02 3.887280 -15.333400 7.802530 -1.012940 1.187490 -0.630411
1.9951360000e-02 -0.840650 -18.426500 6.442190 -0.465720 -0.198492 -0.997198
1.9951360000e-02 -3.567460 -18.081900 6.652080 -0.465001 1.219780 -0.475258
1.9951360000e-02 -1.861040 -18.166200 9.226000 -0.949596 0.575584 -0.753277
1.9951360000e-02 4.385290 -18.566900 6.637290 -0.983800 -0.257718 -0.537384
1.9951360000e-02 1.146370 -16.393400 9.089980 0.412905 1.239370 -0.107666
1.9951360000e-02 5.429040 -19.417600 7.203790 -0.996269 1.563170 -0.698392
1.9951360000e-02 5.856630 -19.036000 8.697540 0.017379 0.317814 -0.519883
1.9951360000e-02 2.802850 -24.483700 7.511080 -0.247633 0.531426 -0.503183
1.9951360000e-02 -0.742169 -16.528900 6.038880 -0.070608 -0.046821 -0.124149
1.9951360000e-02 3.278920 -24.205400 8.436410 -0.119775 0.868428 -0.151410
1.9951360000e-02 3.313570 -21.113700 7.954670 -0.448706 -0.053639 0.400842
1.9951360000e-02 -0.192105 -18.421600 6.254620 0.291381 -0.379891 -0.329517
1.9951360000e-02 1.627340 -23.086000 7.084400 -0.221567 1.221820 -1.183060
1.9951360000e-02 5.688050 -16.979500 8.278270 -0.900388 0.318969 -0.490028
1.9951360000e-02 1.427910 -22.852100 8.572310 0.116823 0.702380 0.260364
1.9951360000e-02 -1.786740 -17.560600 4.708360 0.004423 0.377250 0.116722
1.9951360000e-02 -0.674782 -17.792900 5.125420 0.100309 0.891347 0.613905
1.9951360000e-02 -2.517900 -16.841900 6.459620 -0.216776 1.473080 -0.709192
1.9951360000e-02 5.739580 -22.626500 6.242360 0.016268 1.198250 -0.384607
1.9951360000e-02 2.746040 -18.510500 8.858740 -1.294320 -0.006010 -0.903214
1.9951360000e-02 1.241910 -18.720600 0.958864 -0.693957 0.868210 -0.622569
1.9951360000e-02 1.869420 -20.433400 9.787540 -1.077240 0.097161 -0.821649
1.9951360000e-02 -1.556290 -15.936600 3.185700 -0.137116 1.114660 -0.169718
1.9951360000e-02 -1.752250 -18.892400 1.600170 -0.482192 0.706073 -0.552480
1.9951360000e-02 3.133920 -21.163200 8.946090 -0.053356 1.830560 0.015318
1.9951360000e-02 0.169493 -17.812200 6.090910 -1.186600 -0.318563 -0.815837
1.9951360000e-02 -3.483800 -21.884500 6.183120 -0.262624 1.160390 -0.120419
1.9951360000e-02 7.281230 -20.339600 4.951770 -0.105078 0.741545 -0.636619
1.9951360000e-02 -0.189207 -20.663500 7.126420 0.245557 1.524090 -1.361980
1.9951360000e-02 -2.196550 -15.958900 7.607950 0.228088 1.115430 -0.518817
1.9951360000e-02 3.984710 -18.424300 7.940740 0.646939 0.451124 0.294698
1.9951360000e-02 4.279460 -20.491200 8.459870 -0.835526 1.105360 -1.409160
1.9951360000e-02 0.462676 -21.282500 7.410040 -1.596270 0.409295 0.104214
1.9951360000e-02 3.593350 -21.289200 12.590600 -0.582648 0.705637 -0.214736
1.9951360000e-02 0.623823 -21.948900 3.942650 -0.940701 1.097970 -1.125540
1.9951360000e-02 1.817050 -18.787500 2.611680 0.286451 0.394518 -0.007377
1.9951360000e-02 4.716640 -19.216600 11.587100 -0.569520 0.291239 -0.327739
1.9951360000e-02 2.704070 -20.959200 8.825300 -0.545304 -0.258690 0.163035
1.9951360000e-02 -1.891460 -18.884600 5.809320 -0.463018 0.580686 -1.436000
1.9951360000e-02 0.643642 -20.427500 10.998400 -0.792322 0.054738 -0.460478
1.9951360000e-02 3.451690 -19.881800 5.778670 0.214841 1.991200 -1.087550
1.9951360000e-02 2.365530 -18.762600 6.351000 -1.907630 2.193180 -0.361493
1.9951360000e-02 0.673744 -20.928600 7.815750 -1.728650 1.414610 -0.155913
1.9951360000e-02 -0.407857 -18.090200 4.300380 -0.461315 1.942970 -0.772723
1.9951360000e-02 3.493880 -20.965800 5.645500 0.037748 1.068840 -1.594070
1.9951360000e-02 -0.518117 -16.692000 6.961170 -0.465730 0.827772 0.869520
1.9951360000e-02 3.011740 -20.432000 8.606100 -0.261663 1.807940 -1.334460
1.9951360000e-02 3.439820 -20.047000 9.099800 0.437721 0.121216 0.160451
1.9951360000e-02 4.695530 -21.976100 3.604480 0.123761 0.429423 -0.715600
1.9951360000e-02 1.835590 -15.164100 6.256640 -0.931471 -0.044637 -0.758889
1.9951360000e-02 3.102390 -21.311000 7.417640 -1.517030 0.238853 0.222011
1.9951360000e-02 1.529650 -21.105300 3.997180 0.144975 1.867250 -0.471459
1.9951360000e-02 3.952750 -22.781900 6.867240 -0.827797 1.716340 0.008183
1.9951360000e-02 1.368600 -19.122500 9.902060 -1.671240 0.824305 -0.504403
1.9951360000e-02 0.041284 -18.807000 6.499670 -0.745266 -0.059971 0.994916
1.9951360000e-02 1.950270 -19.225500 6.654510 -2.157410 1.685450 1.209990
1.9951360000e-02 4.780130 -16.106200 5.398910 0.526929 0.653628 -0.145585
1.9951360000e-02 1.449430 -19.075400 10.380800 -1.098620 0.052695 -0.881066
1.9951360000e-02 -1.621160 -19.822800 1.762940 -0.000566 0.622024 0.024146
1.9951360000e-02 4.762710 -20.355100 6.326530 0.756444 0.412003 -0.495676
1.9951360000e-02 0.255833 -20.909800 7.270470 0.292757 0.482834 0.869337
1.9951360000e-02 0.364081 -23.165200 4.328970 0.017304 1.400210 -0.933519
1.9951360000e-02 -0.591128 -22.950800 5.105310 0.403925 1.138590 -0.067451
1.9951360000e-02 -0.947525 -14.892900 4.849350 -1.095620 0.993899 0.117252
1.9951360000e-02 -4.080710 -19.807900 5.991010 -0.426216 0.460153 -0.969807
1.9951360000e-02 -1.001630 -24.165700 8.664280 -0.767714 0.694939 0.197300
1.9951360000e-02 -2.089600 -17.363200 5.739090 -1.259600 1.524780 -0.522968
1.9951360000e-02 6.520960 -15.816100 10.605300 -0.300529 0.965482 -0.852386
1.9951360000e-02 1.113580 -19.676100 4.963620 0.121387 2.306450 -0.284533
1.9951360000e-02 1.346590 -17.573300 9.708610 -1.506070 0.817639 -1.039260
1.9951360000e-02 -1.087020 -17.410100 9.232820 -1.030420 0.361967 0.420882
1.9951360000e-02 3.464150 -15.041300 4.141100 -0.855385 1.585500 -0.722207
1.9951360000e-02 -3.417280 -18.700800 5.190180 0.357654 0.564799 -0.544180
1.9951360000e-02 1.838150 -13.847200 3.406470 -0.673012 1.444350 -0.116565
1.9951360000e-02 -4.827320 -21.334900 8.129990 -0.663250 0.494433 -0.157391
1.9951360000e-02 5.672640 -20.118200 2.646530 0.203073 1.269910 -0.260885
1.9951360000e-02 1.331700 -21.444100 1.392330 -0.686745 0.902511 -1.065760
1.9951360000e-02 -4.150110 -20.150100 3.654980 -0.208099 0.933854 -0.892484
1.9951360000e-02 -2.402740 -12.433400 7.529600 -0.670410 1.011350 -0.418498
1.9951360000e-02 -1.915310 -23.678600 8.583240 0.066503 1.126050 0.083346
1.9951360000e-02 -0.494819 -17.918500 3.450460 -0.174842 -0.050189 0.212262
1.9951360000e-02 -1.968160 -21.898000 8.208660 -0.086259 1.088570 0.523314
1.9951360000e-02 4.394450 -16.030400 5.586440 0.562985 1.208750 -0.809898
1.9951360000e-02 0.199774 -20.014900 10.185900 -1.565830 1.175130 -0.341976
1.9951360000e-02 1.826290 -23.959400 6.286110 -0.795605 0.986111 -1.298690
1.9951360000e-02 -0.991923 -22.785200 6.446500 -0.957048 1.154500 0.495639
1.9951360000e-02 0.031362 -22.124900 6.195300 0.311969 0.368684 -1.299800
1.9951360000e-02 3.463370 -12.246100 10.745000 -0.500468 0.954057 -0.115082
1.9951360000e-02 7.939770 -21.815300 9.951250 -0.222498 0.645869 -0.010637
1.9951360000e-02 0.522267 -20.676500 9.676830 -1.203730 1.432530 0.433212
1.9951360000e-02 4.910470 -14.885200 5.961400 0.049739 0.792016 -1.188930
1.9951360000e-02 3.995810 -17.963900 13.875700 -0.709957 1.113830 -0.630932
1.9951360000e-02 -2.910040 -24.643400 7.308100 -0.922576 0.651508 -0.334503
1.9951360000e-02 5.822030 -19.631500 8.106950 -0.086433 1.942890 -0.379013
1.9951360000e-02 6.893250 -24.451800 8.849590 -0.080650 0.967887 -0.122904
1.9951360000e-02 5.152470 -22.171100 12.791300 -0.433889 0.453437 -0.110155
1.9951360000e-02 8.148250 -16.807800 9.884050 -0.783692 1.152270 -0.632639
1.9951360000e-02 4.925480 -16.041300 5.724250 -1.290810 1.404890 -0.834857
1.9951360000e-02 -4.494650 -17.978500 4.495200 0.205695 0.785900 -0.654430
1.9951360000e-02 3.219460 -17.577300 9.583970 -1.066570 -0.270199 -0.479378
1.9951360000e-02 -4.820750 -18.203000 3.583580 -0.588431 1.030400 0.153687
1.9951360000e-02 4.613940 -23.516300 6.753240 -0.871253 0.467421 -1.166350
1.9951360000e-02 -0.738945 -16.235800 9.196570 0.536073 0.876599 -0.966235
1.9951360000e-02 -0.626777 -18.360600 6.096830 -0.637130 2.051660 0.571967
1.9951360000e-02 -0.321664 -16.109800 6.895350 -1.432000 1.148240 -1.207590
1.9951360000e-02 0.602419 -19.851200 5.742510 -0.830998 1.115560 -2.035710
1.9951360000e-02 -2.143720 -17.408800 3.494300 0.200605 1.371650 -0.916857
1.9951360000e-02 -6.483040 -21.376500 5.763320 -0.194556 0.752577 -0.168462
1.9951360000e-02 -5.294660 -17.449100 6.670900 -0.092956 0.297217 -0.275911
1.9951360000e-02 0.266676 -22.692900 9.850410 -0.120440 -0.119311 -0.121310
1.9951360000e-02 -1.082090 -26.429400 4.663370 -0.151464 1.172340 -0.210998
1.9951360000e-02 0.036704 -21.888700 8.158050 0.211129 1.793990 -1.062000
1.9951360000e-02 0.369610 -10.777500 10.060500 -0.501602 0.696146 -0.235769
1.9951360000e-02 -2.067660 -20.838300 -0.341614 -0.580824 1.041740 -0.735862
1.9951360000e-02 4.145470 -16.733400 7.037880 0.345126 -0.213358 0.097229
1.9951360000e-02 -3.918110 -25.391400 9.796980 -0.585648 0.895997 -0.543373
1.9951360000e-02 -1.556170 -18.042500 -0.543649 -0.446795 1.066030 0.082305
1.9951360000e-02 7.624910 -24.935700 5.913140 -0.566484 0.622929 0.000212
1.9951360000e-02 0.223835 -13.105000 1.220170 -0.059200 1.165450 -0.375776
1.9951360000e-02 -3.191460 -21.009100 4.727810 0.367337 1.212490 -0.796646
1.9951360000e-02 -3.510570 -21.279600 11.692400 -0.691254 0.320356 -0.133373
1.9951360000e-02 3.371610 -25.198000 3.467320 -0.476892 1.541270 -0.561355
1.9951360000e-02 9.509690 -17.471300 7.517100 -0.989243 0.745533 -0.300601
1.9951360000e-02 0.320601 -13.052800 6.347740 0.201164 1.017100 -1.014340
1.9951360000e-02 1.820140 -15.876300 6.586950 -0.799971 2.194800 -0.851631
1.9951360000e-02 2.733800 -20.287500 9.438950 -1.490820 -0.112355 -0.391233
1.9951360000e-02 -1.972050 -23.980300 11.330900 -0.302428 0.407875 0.070164
1.9951360000e-02 -3.155850 -13.046400 3.608700 -0.363744 0.366134 -0.527165
1.9951360000e-02 1.855080 -17.522500 1.182700 -1.265570 0.534632 -0.730875
1.9951360000e-02 0.176418 -18.263700 7.594640 -1.451440 0.690898 1.020240
1.9951360000e-02 6.777760 -19.336600 6.947790 0.486664 1.463420 -0.568751
1.9951360000e-02 6.242340 -17.039400 3.745810 -0.810110 0.469120 0.438175
1.9951360000e-02 -1.171620 -21.502400 6.272880 -0.494887 2.080240 -0.929170
1.9951360000e-02 -0.911380 -20.057800 -0.887930 -0.555635 0.309048 -0.206575
1.9951360000e-02 0.028435 -14.253800 4.080270 -0.911768 1.726330 -0.538841
1.9951360000e-02 -3.818330 -16.187900 7.786930 -0.655481 0.479926 0.434162
1.9951360000e-02 6.173150 -20.421800 5.805480 -1.048000 0.600902 -1.363570
1.9951360000e-02 7.373680 -16.842600 -0.547028 -0.144510 0.803982 -0.197777
1.9951360000e-02 4.032390 -18.019500 4.008630 0.399748 1.787360 0.132611
1.9951360000e-02 3.245200 -24.497700 5.028970 0.315023 1.360200 -0.805082
1.9951360000e-02 -1.765250 -16.151000 15.021400 -0.626551 0.664239 -0.118588
1.9951360000e-02 -1.273430 -21.122300 5.830640 -0.687934 0.063158 0.703244
1.9951360000e-02 3.230580 -20.944700 -2.211730 -0.083075 1.093690 -0.406163
1.9951360000e-02 -7.705850 -22.432800 6.558210 -0.518061 0.823236 -0.609317
1.9951360000e-02 6.958210 -18.321800 6.110860 -0.407551 0.957019 0.733251
1.9951360000e-02 6.659070 -16.587900 1.205950 0.183827 1.195300 -0.326637
1.9951360000e-02 6.016460 -15.308000 9.772330 -0.628148 1.719920 -0.678544
1.9951360000e-02 6.820650 -23.092500 2.331940 -0.201680 0.305503 -0.755566
1.9951360000e-02 -1.306630 -17.448400 5.079680 -1.503830 1.253730 -1.112910
1.9951360000e-02 2.722340 -24.303600 14.587500 -0.259503 0.700489 -0.725935
1.9951360000e-02 -5.252310 -22.163600 4.675630 -0.634725 1.263250 -0.916576
1.9951360000e-02 8.090600 -11.787700 5.924970 -0.044131 0.789462 -0.372129
1.9951360000e-02 -0.312903 -18.518200 1.930680 -1.339620 1.476170 -0.507648
1.9951360000e-02 7.778780 -17.505900 7.498110 -0.531706 1.615830 0.230074
1.9951360000e-02 -1.722020 -26.209800 4.299920 -0.350209 0.801559 -1.042600
1.9951360000e-02 9.064260 -14.906400 10.865900 -0.927793 0.822569 -0.311226
1.9951360000e-02 -0.603015 -21.573700 13.556400 -1.074980 1.073760 -0.770773
1.9951360000e-02 -2.782970 -24.228000 4.528460 -0.561426 0.018732 -0.325785
1.9951360000e-02 1.370090 -13.656800 4.357210 -1.005550 -0.020905 -0.378911
1.9951360000e-02 7.979190 -23.805200 8.129530 -1.013060 1.059110 -0.802732
1.9951360000e-02 3.293250 -27.551800 9.756760 -0.806349 0.435124 -0.441089
1.9951360000e-02 9.812780 -26.028600 7.534140 -0.567315 0.982213 -0.237295
1.9951360000e-02 -2.789320 -21.326100 0.627439 -0.769230 1.342970 0.077715
1.9951360000e-02 0.772932 -15.156000 4.381870 0.519737 1.669500 -0.343613
1.9951360000e-02 -2.256510 -21.022200 15.735400 -0.123739 0.755709 -0.631708
1.9951360000e-02 -0.548986 -16.498300 1.676770 -0.402040 0.374355 0.518882
1.9951360000e-02 8.064960 -25.572300 6.501960 -0.508780 1.433890 -0.456265
1.9951360000e-02 -3.783180 -19.903200 4.975870 -0.466049 1.926080 -0.424163
1.9951360000e-02 -6.166390 -16.075500 4.474790 -1.031870 1.059230 -0.478249
1.9951360000e-02 1.579500 -24.345800 -0.171523 -0.204222 0.509847 0.105125
1.9951360000e-02 -3.441910 -23.625200 12.200600 0.132933 1.148440 -0.446925
1.9951360000e-02 -0.808915 -13.185300 2.860340 -1.137180 0.695906 -0.795527
1.9951360000e-02 1.843050 -18.281700 16.572700 -0.094417 0.556742 -0.241908
1.9951360000e-02 5.951340 -17.446100 -1.144660 -0.527555 0.372798 -0.711965
1.9951360000e-02 0.956019 -22.358300 6.818820 0.845099 0.425105 0.296574
1.9951360000e-02 -2.511630 -25.462600 0.827876 -0.016798 0.674498 -0.169855
1.9951360000e-02 1.439100 -10.121200 11.425000 -0.093881 0.935891 -0.090523
1.9951360000e-02 2.751880 -19.133200 1.208340 -0.378380 1.959160 -0.275163
1.9951360000e-02 11.326400 -19.404000 10.296100 -0.092011 0.557415 -0.408429
1.9951360000e-02 -3.815440 -19.435500 -0.637828 -0.416042 0.259962 -0.524910
1.9951360000e-02 -1.135170 -12.744200 7.160420 -0.098603 1.219620 0.446733
1.9951360000e-02 -3.921110 -25.424600 12.072500 -0.345091 0.618711 0.057199
1.9951360000e-02 -4.153040 -15.930400 1.052360 -0.492030 0.265398 -0.744594
1.9951360000e-02 3.999240 -19.292500 17.771500 -0.275871 0.956473 -0.171638
1.9951360000e-02 -5.122370 -14.928100 4.488230 -0.155807 1.274110 0.223100
1.9951360000e-02 -0.463896 -17.457100 8.821300 0.385848 0.367321 0.790401
1.9951360000e-02 7.611060 -19.995000 -3.436410 -0.472041 0.996039 -0.474444
1.9951360000e-02 1.938950 -23.820400 9.910230 -0.781082 1.934890 -0.605718
1.9951360000e-02 6.720890 -15.766900 16.859300 -0.346893 1.060760 -0.511591
1.9951360000e-02 10.018700 -17.056900 9.524860 -0.129341 1.262840 -0.901937
1.9951360000e-02 -6.945540 -20.326800 7.782660 -0.144016 0.815719 -1.071600
1.9951360000e-02 -2.991760 -8.687980 5.320690 -0.734452 1.026430 -0.446691
1.9951360000e-02 3.823840 -18.110500 4.299710 0.845082 0.874869 0.459141
1.9951360000e-02 2.572810 -24.143200 9.672420 -0.713547 1.658970 -1.152800
1.9951360000e-02 1.832090 -12.394100 9.296230 0.140716 0.824859 0.435296
1.9951360000e-02 1.394800 -25.639700 10.311000 0.169753 0.289275 0.078164
1.9951360000e-02 -5.739980 -17.129000 -0.037908 0.065572 1.116120 -0.285320
1.9951360000e-02 -1.414850 -29.644500 7.152150 -0.693811 0.559937 -0.620563
1.9951360000e-02 7.615940 -9.749250 8.302950 -0.788015 1.053800 -0.161390
1.9951360000e-02 4.158780 -14.740700 -0.077493 -1.171080 1.038720 -0.064040
1.9951360000e-02 -1.095680 -13.979800 7.547100 0.351653 1.364940 -1.091510
1.9951360000e-02 -4.249440 -16.130100 8.538050 -0.280820 1.038150 0.629003
1.9951360000e-02 6.724480 -13.511800 12.802500 -0.485738 1.531810 -0.508693
1.9951360000e-02 -5.897180 -13.604700 8.549880 -0.506092 0.246421 -0.711391
1.9951360000e-02 2.864700 -25.684100 16.242600 -0.123867 0.754622 -0.602809
1.9951360000e-02 -8.598340 -19.422200 0.829426 -0.165075 0.702035 -0.219135
1.9951360000e-02 9.625110 -20.651000 13.011700 -0.280752 1.463010 -0.396021
1.9951360000e-02 2.106530 -22.133200 8.746080 0.807594 0.004567 -0.304267
1.9951360000e-02 0.834072 -15.163000 14.612500 -0.990742 1.433360 -0.316269
1.9951360000e-02 6.167530 -22.555400 8.360070 -0.877765 1.675000 -1.116650
1.9951360000e-02 9.123670 -16.371500 8.094860 -0.579502 0.349236 -1.134860
1.9951360000e-02 7.059110 -10.722400 9.533320 -0.755439 1.220270 -0.787148
1.9951360000e-02 3.872180 -16.799300 10.278500 -0.153463 2.015340 -1.015370
1.9951360000e-02 5.689460 -18.156100 8.268900 -1.818270 1.022700 -0.124255
1.9951360000e-02 -0.215093 -21.304200 0.963615 -0.488295 0.880833 -1.468050
1.9951360000e-02 -3.319360 -22.192300 7.479430 -1.205640 0.002750 -0.129702
1.9951360000e-02 -5.455580 -22.975700 -1.297720 -0.133680 0.969918 -0.721020
1.9951360000e-02 3.737410 -12.400200 16.419100 -0.318811 0.477839 -0.514150
1.9951360000e-02 3.393720 -13.851100 14.021300 -0.857505 1.438480 -0.705498
1.9951360000e-02 8.016660 -22.459100 10.180900 -1.245270 1.146700 -0.741066
1.9951360000e-02 0.715305 -14.392600 2.995570 -0.915063 0.639965 0.658747
1.9951360000e-02 4.642250 -20.538600 -1.097460 0.071389 1.542910 -0.474109
1.9951360000e-02 -1.944570 -20.260800 -1.587950 0.214272 0.806564 -0.804334
1.9951360000e-02 4.734740 -17.717600 10.135500 0.892541 1.136520 -0.235844
1.9951360000e-02 -6.138510 -14.517100 6.900190 -0.389765 1.205240 0.342369
1.9951360000e-02 -9.253930 -21.083900 1.891530 -0.551563 0.761304 -0.731375
1.9951360000e-02 -1.342420 -21.174100 13.258800 0.332137 1.292740 -0.839265
1.9951360000e-02 2.285050 -14.816400 -4.331240 -0.662958 1.071500 -0.680370
1.9951360000e-02 1.741600 -20.820800 -0.014831 0.106496 0.179355 0.230955
1.9951360000e-02 -0.893262 -22.187500 1.187710 -1.003980 0.160272 -0.956578
1.9951360000e-02 -2.793550 -24.695200 5.128710 -0.382816 1.771570 0.088370
1.9951360000e-02 0.904175 -21.416700 3.470370 -0.292903 -0.525977 0.039896
1.9951360000e-02 -0.524354 -21.504600 6.071270 -0.305685 2.377150 0.092963
1.9951360000e-02 13.157200 -23.473100 6.636080 -0.131696 1.008790 -0.681840
1.9951360000e-02 5.969850 -21.440100 8.141340 -0.621104 -0.355565 0.169571
1.9951360000e-02 1.677740 -12.427700 10.590200 0.106289 1.368270 0.309436
1.9951360000e-02 -0.708019 -18.452000 12.458100 -0.478028 0.325672 -1.432250
1.9951360000e-02 -9.847420 -22.049700 2.480690 -0.181314 1.116040 -0.201863
1.9951360000e-02 6.499210 -17.840200 15.753000 -0.194824 1.273820 -0.911607
1.9951360000e-02 -3.447040 -20.101000 9.182730 0.547955 0.556264 0.333013
1.9951360000e-02 6.141520 -11.127700 13.634400 -0.912172 0.630044 -0.650043
1.9951360000e-02 -0.668501 -26.770300 13.671800 -0.541422 1.487860 -0.146473
1.9951360000e-02 -7.294760 -23.929200 9.208900 -0.216433 1.295540 -0.868616
1.9951360000e-02 -0.490324 -27.969000 6.960250 -0.066240 1.589870 -0.590555
1.9951360000e-02 1.460870 -9.210690 1.126270 -0.812314 1.324200 -0.321245
1.9951360000e-02 6.165670 -16.244800 5.739680 -1.124170 1.756870 -1.050830
1.9951360000e-02 -1.804900 -30.692100 0.858039 -0.181225 0.986529 -0.201245
1.9951360000e-02 0.767760 -14.452300 -1.356350 -0.873785 0.158202 -0.513026
1.9951360000e-02 15.321100 -16.649100 8.297800 -0.180930 0.973816 -0.286844
1.9951360000e-02 -2.118790 -30.910400 1.018810 -0.354450 0.552421 -0.396693
1.9951360000e-02 8.212580 -26.361000 14.565500 -0.484624 0.391567 -0.555849
1.9951360000e-02 6.441390 -9.278650 -1.542220 -0.121365 0.930303 -0.487799
1.9951360000e-02 9.175060 -13.079800 5.266460 -1.077030 0.535615 0.022020
1.9951360000e-02 -6.550550 -25.877900 13.916600 -0.270556 0.550448 -0.678968
1.9951360000e-02 10.358100 -24.380800 11.555300 -0.811671 0.899011 0.162974
1.9951360000e-02 6.943070 -17.175400 19.825600 -0.294859 0.763780 -0.598305
1.9951360000e-02 9.415870 -26.935500 7.502720 -0.390950 0.591275 -1.007360
1.9951360000e-02 8.950280 -18.674000 7.174650 -0.219906 1.935280 -0.271741
1.9951360000e-02 4.318610 -14.891200 8.076850 -1.259520 1.948340 -0.228504
1.9951360000e-02 4.152180 -16.510800 7.599320 -0.692928 0.599328 -1.939360
1.9951360000e-02 -5.665400 -21.641600 7.116610 -0.028518 1.000080 0.563791
1.9951360000e-02 -7.412710 -22.632400 5.872070 -0.204335 0.370904 -0.989853
1.9951360000e-02 -4.532330 -14.084900 4.894400 -1.292860 1.280920 -0.120554
1.9951360000e-02 -1.041830 -20.029400 13.479900 0.489406 1.100020 -0.906603
1.9951360000e-02 4.264320 -16.443600 10.230100 -1.004370 0.142970 0.653798
1.9951360000e-02 8.927410 -8.283140 4.586310 -0.833903 1.045190 -0.274204
1.9951360000e-02 -7.725240 -9.116950 12.720400 -0.461464 0.719064 -0.409303
1.9951360000e-02 -0.242435 -17.588200 18.426700 -0.361302 0.752186 0.211987
1.9951360000e-02 2.060160 -23.185600 6.961880 -1.339100 2.072820 -0.538031
1.9951360000e-02 1.515400 -22.951300 7.692360 0.860655 1.470290 0.200803
1.9951360000e-02 10.384500 -25.818400 8.579300 -0.035698 1.295660 0.005998
1.9951360000e-02 -6.504410 -16.107600 3.664900 -0.483312 1.550510 -0.941364
1.9951360000e-02 -3.507670 -13.607300 10.182500 -0.537434 0.238512 0.407130
1.9951360000e-02 -0.696053 -17.511600 2.206900 -1.565570 1.296350 -0.918265
1.9951360000e-02 -8.675920 -22.819600 15.540100 -0.643160 0.958774 -0.106269
1.9951360000e-02 -4.337320 -7.878780 2.859810 -0.870523 0.837570 -0.543931
1.9951360000e-02 2.671930 -26.592200 9.628530 -0.547255 -0.107524 -0.043800
1.9951360000e-02 6.188190 -23.363500 0.027791 -0.902123 1.634190 -0.440268
1.9951360000e-02 -4.202740 -9.519120 -2.115050 -0.324160 0.621889 -0.626858
1.9951360000e-02 10.748600 -23.008700 10.855200 -1.190710 0.966863 -0.467311
1.9951360000e-02 12.749100 -22.700000 7.378650 -0.845762 1.051170 -0.873816
1.9951360000e-02 11.722000 -23.922300 11.713200 -0.523849 1.304530 -0.799577
1.9951360000e-02 4.461680 -25.817800 8.643080 -0.697478 1.825140 -0.833305
1.9951360000e-02 -0.470166 -5.763670 11.690700 -0.802596 0.835568 -0.436688
1.9951360000e-02 2.616850 -10.606100 8.296710 0.027834 1.320210 -1.119850
1.9951360000e-02 4.527890 -7.310480 4.352620 -0.031783 0.943649 -0.835927
1.9951360000e-02 -4.851870 -25.342200 16.066900 -0.691967 0.677450 -0.813772
1.9951360000e-02 3.075640 -15.575000 10.051300 0.339369 2.027560 -0.191469
1.9951360000e-02 2.059060 -30.331100 5.366160 -0.538604 0.616463 -1.037460
1.9951360000e-02 12.761600 -11.071800 5.289340 -0.133892 1.175110 -0.205857
1.9951360000e-02 -0.321340 -13.650400 6.687050 -0.263452 -0.354507 -0.869288
1.9951360000e-02 12.848300 -7.611650 5.344330 -0.437573 0.843462 -0.415547
1.9951360000e-02 -3.209710 -13.681900 10.386800 -1.003680 1.337040 -1.109410
1.9951360000e-02 -4.713660 -14.729300 -0.500035 -0.245934 1.410140 0.150633
1.9951360000e-02 2.709770 -3.395220 7.066260 -0.436821 1.053410 -0.394068
1.9951360000e-02 -1.603630 -19.576100 10.319500 -0.957411 -0.087254 -1.306030
1.9951360000e-02 14.474500 -21.187700 13.974300 -0.161783 0.747871 -0.584748
1.9951360000e-02 6.083390 -17.613700 -3.137710 -0.133674 1.065870 -1.059360
1.9951360000e-02 -0.721975 -19.243200 -8.550340 -0.239897 0.884156 -0.190453
1.9951360000e-02 -0.553440 -17.400100 7.889630 -1.545310 1.837520 -1.266870
1.9951360000e-02 -5.479580 -19.658100 12.313600 -0.720381 0.019499 -0.002333
1.9951360000e-02 -5.846790 -15.460800 2.088490 -0.718346 0.753588 0.482742
1.9951360000e-02 0.603510 -20.276200 13.624900 -1.245010 0.333564 0.288739
1.9951360000e-02 -5.220680 -9.354570 4.356680 -0.713950 1.444570 -0.227684
1.9951360000e-02 -5.486370 -17.956200 8.356480 -0.902011 0.485933 -1.344650
1.9951360000e-02 10.907700 -14.267900 15.093800 0.021879 0.763046 -0.701189
1.9951360000e-02 -3.352750 -14.464500 3.005410 -0.182379 0.467761 -1.374970
1.9951360000e-02 -2.541310 -26.814500 0.964623 0.202251 0.895301 -0.896997
1.9951360000e-02 -0.479273 -17.227600 10.282700 -1.019430 1.405490 0.874099
1.9951360000e-02 2.899970 -20.505700 17.272500 -0.090221 1.348580 0.180697
1.9951360000e-02 1.573660 -19.357700 10.656800 -1.214440 0.237591 0.838544
1.9951360000e-02 -5.503570 -16.852200 11.885200 -1.288130 1.024780 0.054971
1.9951360000e-02 12.914600 -20.895700 -3.355780 -0.121602 0.753945 -0.161399
1.9951360000e-02 6.453730 -19.153300 2.174050 -0.172326 0.543535 -1.561500
1.9951360000e-02 -3.542020 -29.517900 -1.119830 0.069949 0.880249 -0.229065
1.9951360000e-02 6.197200 -10.292900 13.562000 -0.103232 1.508860 -0.439662
1.9951360000e-02 4.432940 -8.278970 15.337500 -0.450709 1.139200 0.081385
1.9951360000e-02 -1.548160 -22.118100 5.660110 -1.678130 0.804798 -1.213160
1.9951360000e-02 -0.303838 -16.728500 7.710170 0.710652 1.106800 -1.640760
1.9951360000e-02 -5.729410 -22.319400 18.683100 -0.794090 0.522344 -0.291051
1.9951360000e-02 -0.254068 -11.381000 2.878350 -0.906562 1.659270 0.050121
1.9951360000e-02 3.211890 -15.526500 12.247700 0.498789 0.071705 -0.667240
1.9951360000e-02 9.447330 -21.953800 5.768370 -0.774322 0.498829 -1.344140
1.9951360000e-02 4.817290 -16.161700 -0.829894 0.028631 0.834201 -1.313120
1.9951360000e-02 13.663800 -17.017500 9.721980 -0.918385 0.948800 -0.879885
1.9951360000e-02 -0.714488 -22.950600 -2.914230 0.241946 0.938121 -0.897210
1.9951360000e-02 10.618500 -20.078600 14.139700 0.327049 1.051500 -0.420196
1.9951360000e-02 14.188800 -20.914800 8.126760 -0.962413 0.541974 -0.068764
1.9951360000e-02 6.689110 -25.649500 11.142400 -0.397242 0.261586 0.416407
1.9951360000e-02 2.165060 -28.984700 14.775200 -1.021560 0.935760 -0.715680
1.9951360000e-02 2.815820 -33.033600 10.225000 -0.391459 0.354933 -0.565595
1.9951360000e-02 -0.988937 -7.731370 12.779300 -0.456280 1.284580 -0.880848
1.9951360000e-02 -6.239610 -16.517900 2.894520 -1.349350 0.598269 -0.714409
1.9951360000e-02 -7.478230 -14.872600 3.971630 0.077601 1.305760 -0.963295
1.9951360000e-02 1.496270 -31.986000 2.950850 0.077576 0.575749 -0.122209
1.9951360000e-02 7.539850 -21.273100 -7.431240 -0.847803 0.962924 -0.537631
1.9951360000e-02 11.544500 -18.640700 -4.019520 -0.419988 0.792988 -0.920357
1.9951360000e-02 -7.152970 -24.861800 6.674850 -0.428813 -0.035364 -0.306961
1.9951360000e-02 2.798660 -17.828700 6.765860 0.840697 1.014780 1.296940
1.9951360000e-02 13.017500 -12.689700 5.291930 -0.041863 1.426550 -0.376405
1.9951360000e-02 2.218930 -19.621100 10.554400 -1.011980 -0.466583 -1.104480
1.9951360000e-02 -5.852490 -15.770900 9.120580 0.571771 1.253440 -0.275968
1.9951360000e-02 -5.928120 -8.481510 14.201400 -0.572320 0.371341 -0.251977
1.9951360000e-02 4.864950 -16.503300 1.175780 -0.438188 2.087050 -0.586763
1.9951360000e-02 -1.213690 -2.648330 6.949330 -0.759850 0.826404 -0.220557
1.9951360000e-02 -7.796850 -29.345500 17.020200 -0.322875 0.887149 -0.636452
1.9951360000e-02 4.472430 -7.858440 -0.813179 -0.679060 1.320200 -0.032938
1.9951360000e-02 5.578830 -18.152300 4.909940 -1.152630 1.335090 0.923999
1.9951360000e-02 4.551470 -27.245400 -1.037130 -0.556465 0.575085 0.369367
1.9951360000e-02 -6.205770 -21.009800 16.750700 -0.683706 0.730127 -1.025530
1.9951360000e-02 2.022220 -11.592000 13.319300 -0.934988 1.005900 -1.192420
1.9951360000e-02 -2.867000 -24.164800 12.114800 -0.236814 1.288180 -1.351550
1.9951360000e-02 0.069746 -25.051400 -2.487500 -0.397746 0.020422 -0.589285
1.9951360000e-02 14.201100 -12.621200 4.454370 -0.592281 1.383920 -0.100667
1.9951360000e-02 -3.307860 -29.780000 11.812500 -0.404173 1.188470 -1.022060
1.9951360000e-02 2.245060 -18.390100 18.681300 -1.209050 0.761582 -0.552362
1.9951360000e-02 -5.914500 -26.505500 -1.167620 -0.222649 1.159510 0.208204
1.9951360000e-02 11.481000 -12.045700 -2.207640 0.083570 0.913613 -0.582852
1.9951360000e-02 11.004400 -32.138200 -0.156265 -0.502723 0.601280 -0.184538
1.9951360000e-02 17.204900 -25.916100 3.851570 -0.595250 0.862342 -0.707259
1.9951360000e-02 6.090630 -20.744700 9.501490 -0.849075 0.004637 0.707257
1.9951360000e-02 7.276070 -7.152140 16.546700 -0.601787 1.008680 0.010655
1.9951360000e-02 -10.864200 -24.752700 2.550580 -0.061533 1.145590 -0.769459
1.9951360000e-02 -9.199210 -13.844300 4.493710 -0.778715 0.258933 -0.773796
1.9951360000e-02 5.165690 -7.485210 11.555300 -1.140290 0.949536 -0.595361
1.9951360000e-02 -2.032870 -9.101330 -4.111650 0.032170 1.082150 -0.137998
1.9951360000e-02 -6.496380 -26.362300 4.763200 0.107151 1.564740 -0.341505
1.9951360000e-02 8.567840 -7.938920 -5.177220 -0.130590 0.671129 -0.471775
1.9951360000e-02 1.309120 -5.447690 8.838960 0.212932 0.925030 -0.126456
1.9951360000e-02 -2.115720 -4.743110 12.913800 -0.371722 1.309220 -0.625334
1.9951360000e-02 2.092700 -12.895300 22.385900 -0.335621 0.485444 -0.628133
1.9951360000e-02 1.698610 -20.633500 14.002700 0.376190 1.783580 -0.506338
1.9951360000e-02 14.490200 -23.188300 10.099000 -0.435260 0.262520 -0.747746
1.9951360000e-02 20.079100 -13.173500 6.813570 -0.535079 0.823322 -0.177541
1.9951360000e-02 8.827640 -33.127900 2.299220 -0.551979 0.378116 -0.472893
1.9951360000e-02 2.646980 -17.111900 9.652510 0.749474 1.838540 0.351505
1.9951360000e-02 -3.380000 -15.473600 4.923200 0.324204 -0.255708 -0.333532
1.9951360000e-02 1.033860 -13.834100 6.254000 0.352139 -0.413235 -0.369604
1.9951360000e-02 -12.886400 -14.382200 2.632110 0.069338 0.863793 -0.652011
1.9951360000e-02 6.463100 -30.066200 -6.355880 -0.630449 0.487043 -0.322406
1.9951360000e-02 0.969282 -19.859100 10.631500 0.371555 0.626091 -1.787810
1.9951360000e-02 -4.436570 -19.730500 18.306300 0.077706 1.226300 -0.849347
1.9951360000e-02 6.398990 -23.386300 -4.849990 -0.380732 1.268820 -1.033890
1.9951360000e-02 14.618200 -14.041300 -3.915420 -0.252594 0.767239 0.054570
1.9951360000e-02 10.502700 -23.667200 1.854860 -0.625034 1.575300 0.208972
1.9951360000e-02 9.440020 -32.850100 10.392700 -0.350083 0.293601 -0.551757
1.9951360000e-02 -12.387300 -10.264800 4.603790 -0.178156 0.358287 -0.314287
1.9951360000e-02 4.582340 -31.983400 4.773940 0.311438 0.995628 -0.631128
1.9951360000e-02 9.736840 -28.915200 18.188100 -0.669339 1.277570 -0.122439
1.9951360000e-02 16.651100 -21.437100 -4.100440 -0.033231 0.957795 -0.214141
1.9951360000e-02 0.164888 -28.892700 -4.342780 -0.607704 1.352490 0.074756
1.9951360000e-02 -15.793300 -19.687200 18.566600 -0.528622 0.700595 -0.533727
1.9951360000e-02 12.164300 -24.809900 19.696500 -0.766922 1.129570 -0.683418
1.9951360000e-02 11.284400 -2.609620 9.179840 -0.596944 0.505580 -0.542463
1.9951360000e-02 20.484800 -27.772800 5.178550 -0.485554 0.942385 -0.091146
1.9951360000e-02 2.370280 -24.337700 15.715600 0.521956 1.160890 -0.117940
1.9951360000e-02 -4.370810 -35.134800 -1.364140 -0.654246 0.819241 0.003013
1.9951360000e-02 8.716250 -30.446900 -6.679270 -0.478089 0.410048 -0.335832
1.9951360000e-02 -5.940060 -8.816270 -7.589000 -0.259500 0.458868 -0.320853
1.9951360000e-02 -10.304300 -11.050000 14.956000 -0.187164 1.038750 0.153525
1.9951360000e-02 7.842320 -12.722600 2.959120 -0.583016 1.090920 0.692879
1.9951360000e-02 -3.241130 -15.581800 13.608400 -0.100424 0.481042 -1.406100
1.9951360000e-02 0.544886 -21.659700 -3.492700 -0.599452 0.428959 -1.291340
1.9951360000e-02 3.854140 -4.004040 -1.025640 -1.005590 0.795890 -0.541662
1.9951360000e-02 -6.185440 -23.388700 -8.458740 -0.028006 0.743915 -0.000683
1.9951360000e-02 2.696250 -19.942600 13.326300 0.687344 1.368740 -0.993911
1.9951360000e-02 -2.421530 -21.812500 24.457200 -0.076094 0.523455 -0.159087
1.9951360000e-02 -1.548060 -6.575000 -3.405960 -1.081300 0.825172 -0.298203
1.9951360000e-02 -12.343800 -34.057000 0.817266 -0.663474 0.599350 -0.308583
1.9951360000e-02 5.263250 -23.391000 -6.494380 0.316915 0.654140 -0.512641
1.9951360000e-02 0.745443 -15.710600 -6.605300 -0.120061 0.442647 0.262653
1.9951360000e-02 -7.617450 -29.835400 5.217430 -1.219640 0.944965 -0.372351
1.9951360000e-02 -3.212860 -25.232100 21.337000 -0.933642 1.231180 -0.580436
1.9951360000e-02 -3.324660 -34.221300 20.932000 -0.241190 0.533030 -0.372324
1.9951360000e-02 18.234200 -8.715280 14.443900 -0.033905 0.822747 -0.265966
1.9951360000e-02 -3.079050 -21.777000 5.589720 0.919782 0.293471 -0.030143
1.9951360000e-02 -5.491830 -21.209300 20.959100 -1.096080 0.728979 -0.188657
1.9951360000e-02 0.085843 -17.377300 16.417600 -1.435100 0.405555 -0.535842
1.9951360000e-02 8.223420 -26.036700 0.037573 -0.429745 -0.019080 0.107200
1.9951360000e-02 1.208960 -27.543500 7.687170 -0.780469 -0.270744 0.008283
1.9951360000e-02 12.603400 -15.947600 13.371500 0.130698 0.385757 -0.928110
1.9951360000e-02 3.602800 -38.276300 15.747100 -0.116785 1.000870 -0.671127
1.9951360000e-02 3.808040 5.979020 0.811515 -0.363835 0.831715 -0.561489
1.9951360000e-02 2.958400 -35.859600 19.706600 -0.328909 0.415555 -0.210774
1.9951360000e-02 9.127540 -26.033800 23.591500 -0.264871 0.380752 -0.117261
1.9951360000e-02 8.638910 -27.572000 15.444300 -1.137410 0.444367 -0.035839
1.9951360000e-02 9.389710 -29.140500 21.721500 -0.358279 0.270052 -0.432313
